100 9900
0 1 96
0 2 95
0 3 102
0 4 109
0 5 100
0 6 97
0 7 96
0 8 97
0 9 89
0 10 107
0 11 106
0 12 98
0 13 94
0 14 97
0 15 96
0 16 99
0 17 105
0 18 105
0 19 103
0 20 104
0 21 100
0 22 99
0 23 96
0 24 101
0 25 100
0 26 101
0 27 91
0 28 97
0 29 96
0 30 98
0 31 95
0 32 95
0 33 87
0 34 97
0 35 101
0 36 99
0 37 97
0 38 93
0 39 100
0 40 103
0 41 101
0 42 99
0 43 110
0 44 99
0 45 104
0 46 97
0 47 100
0 48 103
0 49 99
0 50 93
0 51 96
0 52 109
0 53 92
0 54 103
0 55 107
0 56 98
0 57 109
0 58 97
0 59 105
0 60 97
0 61 101
0 62 96
0 63 106
0 64 97
0 65 94
0 66 103
0 67 100
0 68 102
0 69 97
0 70 103
0 71 106
0 72 90
0 73 96
0 74 96
0 75 100
0 76 104
0 77 91
0 78 100
0 79 97
0 80 104
0 81 105
0 82 95
0 83 106
0 84 93
0 85 99
0 86 100
0 87 99
0 88 104
0 89 98
0 90 105
0 91 98
0 92 97
0 93 97
0 94 105
0 95 109
0 96 101
0 97 98
0 98 99
0 99 107
1 0 95
1 2 106
1 3 100
1 4 102
1 5 109
1 6 95
1 7 99
1 8 99
1 9 107
1 10 104
1 11 98
1 12 92
1 13 101
1 14 105
1 15 98
1 16 111
1 17 102
1 18 104
1 19 103
1 20 105
1 21 106
1 22 99
1 23 94
1 24 100
1 25 101
1 26 101
1 27 108
1 28 109
1 29 104
1 30 101
1 31 91
1 32 101
1 33 99
1 34 103
1 35 99
1 36 99
1 37 99
1 38 100
1 39 113
1 40 101
1 41 105
1 42 104
1 43 96
1 44 93
1 45 104
1 46 99
1 47 108
1 48 102
1 49 94
1 50 101
1 51 104
1 52 98
1 53 103
1 54 94
1 55 99
1 56 108
1 57 95
1 58 101
1 59 107
1 60 100
1 61 101
1 62 98
1 63 98
1 64 97
1 65 102
1 66 108
1 67 98
1 68 98
1 69 100
1 70 91
1 71 97
1 72 105
1 73 98
1 74 109
1 75 99
1 76 99
1 77 108
1 78 92
1 79 99
1 80 99
1 81 103
1 82 103
1 83 99
1 84 103
1 85 98
1 86 101
1 87 94
1 88 94
1 89 99
1 90 101
1 91 96
1 92 99
1 93 96
1 94 103
1 95 92
1 96 99
1 97 100
1 98 105
1 99 105
2 0 105
2 1 97
2 3 99
2 4 107
2 5 100
2 6 101
2 7 92
2 8 99
2 9 94
2 10 96
2 11 97
2 12 97
2 13 100
2 14 109
2 15 113
2 16 96
2 17 99
2 18 97
2 19 103
2 20 100
2 21 104
2 22 108
2 23 103
2 24 105
2 25 93
2 26 95
2 27 99
2 28 95
2 29 92
2 30 104
2 31 92
2 32 90
2 33 100
2 34 96
2 35 97
2 36 84
2 37 102
2 38 105
2 39 99
2 40 101
2 41 99
2 42 101
2 43 99
2 44 97
2 45 105
2 46 103
2 47 105
2 48 104
2 49 99
2 50 104
2 51 108
2 52 90
2 53 108
2 54 102
2 55 108
2 56 99
2 57 93
2 58 108
2 59 110
2 60 100
2 61 92
2 62 103
2 63 98
2 64 95
2 65 99
2 66 104
2 67 101
2 68 100
2 69 97
2 70 99
2 71 102
2 72 110
2 73 100
2 74 108
2 75 98
2 76 97
2 77 101
2 78 101
2 79 98
2 80 105
2 81 104
2 82 94
2 83 102
2 84 98
2 85 91
2 86 99
2 87 97
2 88 108
2 89 102
2 90 85
2 91 103
2 92 105
2 93 97
2 94 106
2 95 100
2 96 93
2 97 109
2 98 102
2 99 96
3 0 99
3 1 103
3 2 96
3 4 97
3 5 100
3 6 103
3 7 108
3 8 97
3 9 97
3 10 96
3 11 98
3 12 109
3 13 99
3 14 107
3 15 100
3 16 99
3 17 96
3 18 101
3 19 99
3 20 96
3 21 100
3 22 99
3 23 91
3 24 103
3 25 97
3 26 102
3 27 107
3 28 98
3 29 102
3 30 94
3 31 108
3 32 103
3 33 96
3 34 101
3 35 103
3 36 97
3 37 100
3 38 97
3 39 104
3 40 98
3 41 101
3 42 96
3 43 96
3 44 104
3 45 100
3 46 98
3 47 108
3 48 95
3 49 94
3 50 99
3 51 97
3 52 110
3 53 96
3 54 91
3 55 96
3 56 94
3 57 106
3 58 97
3 59 98
3 60 103
3 61 99
3 62 96
3 63 94
3 64 96
3 65 97
3 66 98
3 67 103
3 68 101
3 69 89
3 70 95
3 71 108
3 72 101
3 73 107
3 74 94
3 75 101
3 76 99
3 77 93
3 78 96
3 79 111
3 80 95
3 81 107
3 82 95
3 83 96
3 84 100
3 85 95
3 86 100
3 87 94
3 88 95
3 89 97
3 90 104
3 91 107
3 92 97
3 93 99
3 94 94
3 95 97
3 96 104
3 97 92
3 98 101
3 99 107
4 0 99
4 1 100
4 2 100
4 3 95
4 5 97
4 6 99
4 7 97
4 8 90
4 9 104
4 10 90
4 11 100
4 12 96
4 13 93
4 14 100
4 15 103
4 16 97
4 17 108
4 18 95
4 19 101
4 20 93
4 21 98
4 22 102
4 23 97
4 24 100
4 25 105
4 26 92
4 27 97
4 28 103
4 29 93
4 30 97
4 31 102
4 32 99
4 33 96
4 34 97
4 35 107
4 36 101
4 37 105
4 38 105
4 39 94
4 40 98
4 41 101
4 42 90
4 43 93
4 44 114
4 45 97
4 46 91
4 47 94
4 48 95
4 49 99
4 50 103
4 51 98
4 52 93
4 53 103
4 54 96
4 55 97
4 56 107
4 57 103
4 58 114
4 59 98
4 60 95
4 61 95
4 62 104
4 63 104
4 64 95
4 65 93
4 66 93
4 67 101
4 68 99
4 69 101
4 70 105
4 71 98
4 72 102
4 73 100
4 74 105
4 75 105
4 76 96
4 77 104
4 78 95
4 79 104
4 80 101
4 81 102
4 82 106
4 83 100
4 84 109
4 85 101
4 86 91
4 87 94
4 88 100
4 89 105
4 90 102
4 91 97
4 92 107
4 93 108
4 94 93
4 95 100
4 96 95
4 97 102
4 98 101
4 99 85
5 0 95
5 1 94
5 2 98
5 3 97
5 4 101
5 6 106
5 7 105
5 8 92
5 9 104
5 10 91
5 11 100
5 12 89
5 13 101
5 14 88
5 15 102
5 16 91
5 17 96
5 18 91
5 19 98
5 20 97
5 21 108
5 22 94
5 23 105
5 24 100
5 25 97
5 26 91
5 27 110
5 28 96
5 29 98
5 30 97
5 31 96
5 32 103
5 33 92
5 34 93
5 35 99
5 36 94
5 37 94
5 38 96
5 39 96
5 40 97
5 41 105
5 42 100
5 43 105
5 44 104
5 45 96
5 46 97
5 47 101
5 48 97
5 49 102
5 50 96
5 51 99
5 52 91
5 53 94
5 54 102
5 55 102
5 56 96
5 57 94
5 58 100
5 59 89
5 60 103
5 61 101
5 62 105
5 63 88
5 64 98
5 65 97
5 66 96
5 67 100
5 68 99
5 69 102
5 70 105
5 71 97
5 72 106
5 73 106
5 74 97
5 75 101
5 76 93
5 77 96
5 78 105
5 79 93
5 80 99
5 81 104
5 82 96
5 83 95
5 84 96
5 85 97
5 86 99
5 87 100
5 88 101
5 89 102
5 90 96
5 91 94
5 92 101
5 93 98
5 94 105
5 95 97
5 96 101
5 97 100
5 98 97
5 99 101
6 0 108
6 1 90
6 2 94
6 3 98
6 4 98
6 5 104
6 7 102
6 8 94
6 9 95
6 10 99
6 11 101
6 12 102
6 13 101
6 14 112
6 15 96
6 16 96
6 17 101
6 18 101
6 19 97
6 20 103
6 21 103
6 22 93
6 23 99
6 24 103
6 25 94
6 26 101
6 27 100
6 28 98
6 29 93
6 30 100
6 31 98
6 32 98
6 33 94
6 34 101
6 35 88
6 36 101
6 37 94
6 38 97
6 39 107
6 40 105
6 41 115
6 42 93
6 43 98
6 44 101
6 45 101
6 46 94
6 47 103
6 48 97
6 49 102
6 50 98
6 51 106
6 52 100
6 53 106
6 54 98
6 55 93
6 56 103
6 57 94
6 58 100
6 59 99
6 60 94
6 61 92
6 62 99
6 63 100
6 64 93
6 65 100
6 66 100
6 67 95
6 68 104
6 69 101
6 70 103
6 71 103
6 72 95
6 73 97
6 74 99
6 75 105
6 76 88
6 77 98
6 78 100
6 79 84
6 80 96
6 81 95
6 82 95
6 83 98
6 84 101
6 85 109
6 86 102
6 87 101
6 88 101
6 89 104
6 90 102
6 91 106
6 92 101
6 93 103
6 94 100
6 95 93
6 96 106
6 97 97
6 98 104
6 99 105
7 0 109
7 1 94
7 2 97
7 3 95
7 4 95
7 5 98
7 6 100
7 8 97
7 9 95
7 10 94
7 11 105
7 12 101
7 13 94
7 14 102
7 15 103
7 16 98
7 17 99
7 18 103
7 19 98
7 20 99
7 21 108
7 22 102
7 23 106
7 24 97
7 25 100
7 26 101
7 27 103
7 28 95
7 29 90
7 30 98
7 31 97
7 32 103
7 33 93
7 34 97
7 35 91
7 36 95
7 37 94
7 38 102
7 39 100
7 40 94
7 41 100
7 42 102
7 43 96
7 44 91
7 45 105
7 46 106
7 47 96
7 48 99
7 49 96
7 50 103
7 51 90
7 52 102
7 53 100
7 54 99
7 55 101
7 56 104
7 57 97
7 58 102
7 59 98
7 60 100
7 61 100
7 62 97
7 63 104
7 64 102
7 65 112
7 66 100
7 67 94
7 68 108
7 69 92
7 70 96
7 71 100
7 72 110
7 73 102
7 74 103
7 75 103
7 76 107
7 77 101
7 78 101
7 79 93
7 80 98
7 81 101
7 82 107
7 83 104
7 84 106
7 85 101
7 86 102
7 87 95
7 88 94
7 89 107
7 90 97
7 91 109
7 92 95
7 93 107
7 94 105
7 95 87
7 96 105
7 97 95
7 98 109
7 99 106
8 0 102
8 1 104
8 2 100
8 3 99
8 4 94
8 5 92
8 6 101
8 7 98
8 9 101
8 10 98
8 11 102
8 12 97
8 13 102
8 14 106
8 15 103
8 16 106
8 17 93
8 18 102
8 19 103
8 20 104
8 21 98
8 22 92
8 23 98
8 24 97
8 25 103
8 26 102
8 27 95
8 28 105
8 29 107
8 30 98
8 31 103
8 32 102
8 33 101
8 34 103
8 35 99
8 36 103
8 37 99
8 38 95
8 39 100
8 40 100
8 41 99
8 42 106
8 43 101
8 44 95
8 45 112
8 46 107
8 47 89
8 48 103
8 49 93
8 50 103
8 51 106
8 52 95
8 53 100
8 54 99
8 55 96
8 56 104
8 57 96
8 58 104
8 59 93
8 60 99
8 61 105
8 62 102
8 63 98
8 64 99
8 65 90
8 66 95
8 67 96
8 68 107
8 69 101
8 70 96
8 71 106
8 72 102
8 73 101
8 74 102
8 75 104
8 76 97
8 77 103
8 78 101
8 79 96
8 80 106
8 81 100
8 82 93
8 83 95
8 84 104
8 85 102
8 86 92
8 87 95
8 88 107
8 89 96
8 90 99
8 91 98
8 92 92
8 93 99
8 94 91
8 95 99
8 96 92
8 97 95
8 98 96
8 99 98
9 0 91
9 1 98
9 2 92
9 3 87
9 4 103
9 5 99
9 6 96
9 7 99
9 8 93
9 10 100
9 11 94
9 12 90
9 13 98
9 14 103
9 15 97
9 16 90
9 17 105
9 18 96
9 19 96
9 20 90
9 21 97
9 22 103
9 23 104
9 24 96
9 25 105
9 26 100
9 27 106
9 28 107
9 29 100
9 30 100
9 31 103
9 32 99
9 33 102
9 34 97
9 35 102
9 36 99
9 37 91
9 38 104
9 39 106
9 40 100
9 41 109
9 42 106
9 43 98
9 44 97
9 45 95
9 46 93
9 47 105
9 48 97
9 49 100
9 50 94
9 51 96
9 52 94
9 53 95
9 54 100
9 55 109
9 56 94
9 57 102
9 58 92
9 59 99
9 60 101
9 61 97
9 62 104
9 63 97
9 64 100
9 65 97
9 66 94
9 67 113
9 68 90
9 69 107
9 70 96
9 71 98
9 72 92
9 73 95
9 74 99
9 75 103
9 76 97
9 77 104
9 78 101
9 79 91
9 80 95
9 81 97
9 82 96
9 83 100
9 84 95
9 85 95
9 86 101
9 87 105
9 88 94
9 89 99
9 90 101
9 91 99
9 92 104
9 93 103
9 94 105
9 95 100
9 96 102
9 97 105
9 98 103
9 99 101
10 0 106
10 1 89
10 2 102
10 3 97
10 4 102
10 5 104
10 6 99
10 7 99
10 8 96
10 9 104
10 11 103
10 12 110
10 13 99
10 14 99
10 15 96
10 16 105
10 17 100
10 18 100
10 19 98
10 20 107
10 21 98
10 22 102
10 23 93
10 24 101
10 25 96
10 26 89
10 27 99
10 28 105
10 29 84
10 30 97
10 31 101
10 32 97
10 33 102
10 34 98
10 35 93
10 36 103
10 37 97
10 38 96
10 39 112
10 40 96
10 41 106
10 42 109
10 43 102
10 44 100
10 45 96
10 46 92
10 47 106
10 48 96
10 49 106
10 50 101
10 51 101
10 52 97
10 53 96
10 54 99
10 55 98
10 56 101
10 57 105
10 58 100
10 59 97
10 60 100
10 61 106
10 62 107
10 63 98
10 64 97
10 65 91
10 66 99
10 67 108
10 68 98
10 69 95
10 70 97
10 71 95
10 72 101
10 73 99
10 74 92
10 75 94
10 76 98
10 77 98
10 78 102
10 79 99
10 80 96
10 81 111
10 82 107
10 83 107
10 84 103
10 85 100
10 86 100
10 87 102
10 88 96
10 89 100
10 90 105
10 91 94
10 92 98
10 93 101
10 94 91
10 95 93
10 96 99
10 97 104
10 98 109
10 99 97
11 0 96
11 1 102
11 2 90
11 3 102
11 4 91
11 5 100
11 6 101
11 7 100
11 8 103
11 9 96
11 10 88
11 12 101
11 13 95
11 14 103
11 15 101
11 16 105
11 17 106
11 18 92
11 19 89
11 20 106
11 21 100
11 22 100
11 23 101
11 24 100
11 25 98
11 26 97
11 27 102
11 28 108
11 29 94
11 30 101
11 31 97
11 32 95
11 33 94
11 34 108
11 35 93
11 36 91
11 37 99
11 38 99
11 39 93
11 40 93
11 41 97
11 42 99
11 43 104
11 44 101
11 45 102
11 46 106
11 47 96
11 48 105
11 49 104
11 50 101
11 51 99
11 52 94
11 53 103
11 54 105
11 55 100
11 56 100
11 57 107
11 58 100
11 59 97
11 60 96
11 61 101
11 62 95
11 63 98
11 64 108
11 65 103
11 66 97
11 67 99
11 68 103
11 69 103
11 70 101
11 71 103
11 72 98
11 73 96
11 74 99
11 75 96
11 76 101
11 77 102
11 78 88
11 79 90
11 80 94
11 81 96
11 82 90
11 83 102
11 84 101
11 85 97
11 86 103
11 87 104
11 88 99
11 89 87
11 90 100
11 91 99
11 92 104
11 93 103
11 94 103
11 95 101
11 96 102
11 97 102
11 98 96
11 99 95
12 0 106
12 1 101
12 2 100
12 3 95
12 4 88
12 5 97
12 6 96
12 7 102
12 8 101
12 9 93
12 10 104
12 11 101
12 13 100
12 14 93
12 15 102
12 16 100
12 17 98
12 18 100
12 19 104
12 20 97
12 21 93
12 22 102
12 23 102
12 24 105
12 25 91
12 26 95
12 27 98
12 28 98
12 29 89
12 30 104
12 31 96
12 32 96
12 33 99
12 34 99
12 35 98
12 36 101
12 37 105
12 38 103
12 39 85
12 40 95
12 41 105
12 42 102
12 43 108
12 44 107
12 45 100
12 46 101
12 47 94
12 48 95
12 49 96
12 50 94
12 51 102
12 52 100
12 53 95
12 54 100
12 55 99
12 56 106
12 57 94
12 58 100
12 59 100
12 60 97
12 61 102
12 62 90
12 63 102
12 64 102
12 65 100
12 66 97
12 67 100
12 68 95
12 69 98
12 70 96
12 71 105
12 72 97
12 73 91
12 74 101
12 75 94
12 76 108
12 77 97
12 78 98
12 79 97
12 80 96
12 81 95
12 82 94
12 83 105
12 84 106
12 85 94
12 86 102
12 87 97
12 88 101
12 89 111
12 90 101
12 91 97
12 92 100
12 93 102
12 94 102
12 95 103
12 96 98
12 97 100
12 98 102
12 99 99
13 0 99
13 1 100
13 2 102
13 3 106
13 4 102
13 5 109
13 6 99
13 7 107
13 8 95
13 9 100
13 10 104
13 11 94
13 12 106
13 14 107
13 15 100
13 16 98
13 17 100
13 18 103
13 19 102
13 20 110
13 21 88
13 22 100
13 23 93
13 24 107
13 25 107
13 26 108
13 27 107
13 28 96
13 29 98
13 30 104
13 31 102
13 32 108
13 33 106
13 34 102
13 35 106
13 36 108
13 37 92
13 38 96
13 39 102
13 40 107
13 41 97
13 42 102
13 43 96
13 44 93
13 45 98
13 46 100
13 47 102
13 48 94
13 49 99
13 50 106
13 51 104
13 52 101
13 53 97
13 54 110
13 55 98
13 56 103
13 57 105
13 58 100
13 59 95
13 60 105
13 61 89
13 62 97
13 63 95
13 64 98
13 65 108
13 66 92
13 67 98
13 68 92
13 69 95
13 70 94
13 71 94
13 72 103
13 73 92
13 74 91
13 75 98
13 76 102
13 77 100
13 78 91
13 79 107
13 80 101
13 81 99
13 82 101
13 83 99
13 84 102
13 85 100
13 86 103
13 87 95
13 88 100
13 89 95
13 90 102
13 91 104
13 92 100
13 93 100
13 94 110
13 95 95
13 96 96
13 97 106
13 98 106
13 99 94
14 0 106
14 1 100
14 2 105
14 3 101
14 4 99
14 5 99
14 6 96
14 7 111
14 8 101
14 9 96
14 10 92
14 11 100
14 12 101
14 13 93
14 15 96
14 16 101
14 17 102
14 18 93
14 19 97
14 20 91
14 21 99
14 22 102
14 23 98
14 24 103
14 25 102
14 26 100
14 27 96
14 28 99
14 29 98
14 30 107
14 31 105
14 32 110
14 33 98
14 34 95
14 35 99
14 36 103
14 37 92
14 38 109
14 39 105
14 40 95
14 41 98
14 42 106
14 43 98
14 44 103
14 45 109
14 46 104
14 47 99
14 48 105
14 49 90
14 50 97
14 51 93
14 52 100
14 53 93
14 54 105
14 55 100
14 56 98
14 57 89
14 58 105
14 59 99
14 60 98
14 61 107
14 62 96
14 63 104
14 64 99
14 65 103
14 66 96
14 67 102
14 68 102
14 69 92
14 70 97
14 71 96
14 72 97
14 73 94
14 74 95
14 75 104
14 76 100
14 77 98
14 78 97
14 79 91
14 80 100
14 81 94
14 82 100
14 83 111
14 84 98
14 85 102
14 86 106
14 87 103
14 88 100
14 89 102
14 90 100
14 91 96
14 92 97
14 93 102
14 94 117
14 95 100
14 96 101
14 97 100
14 98 103
14 99 106
15 0 101
15 1 103
15 2 96
15 3 98
15 4 88
15 5 115
15 6 100
15 7 103
15 8 95
15 9 100
15 10 96
15 11 88
15 12 101
15 13 94
15 14 103
15 16 101
15 17 103
15 18 96
15 19 95
15 20 103
15 21 104
15 22 113
15 23 98
15 24 100
15 25 105
15 26 95
15 27 106
15 28 99
15 29 101
15 30 111
15 31 101
15 32 94
15 33 105
15 34 98
15 35 90
15 36 88
15 37 98
15 38 99
15 39 103
15 40 99
15 41 102
15 42 106
15 43 99
15 44 109
15 45 99
15 46 110
15 47 100
15 48 94
15 49 99
15 50 90
15 51 95
15 52 102
15 53 98
15 54 96
15 55 102
15 56 99
15 57 95
15 58 89
15 59 92
15 60 102
15 61 92
15 62 100
15 63 90
15 64 101
15 65 101
15 66 97
15 67 102
15 68 97
15 69 105
15 70 97
15 71 99
15 72 98
15 73 98
15 74 97
15 75 99
15 76 100
15 77 103
15 78 109
15 79 103
15 80 101
15 81 96
15 82 98
15 83 93
15 84 108
15 85 98
15 86 98
15 87 105
15 88 108
15 89 99
15 90 90
15 91 103
15 92 94
15 93 102
15 94 105
15 95 93
15 96 102
15 97 101
15 98 98
15 99 97
16 0 96
16 1 90
16 2 97
16 3 95
16 4 98
16 5 104
16 6 102
16 7 103
16 8 97
16 9 102
16 10 110
16 11 98
16 12 103
16 13 96
16 14 104
16 15 99
16 17 102
16 18 104
16 19 102
16 20 104
16 21 97
16 22 99
16 23 96
16 24 89
16 25 100
16 26 98
16 27 99
16 28 99
16 29 105
16 30 104
16 31 108
16 32 104
16 33 104
16 34 100
16 35 102
16 36 96
16 37 99
16 38 97
16 39 89
16 40 103
16 41 110
16 42 93
16 43 97
16 44 96
16 45 109
16 46 104
16 47 98
16 48 108
16 49 103
16 50 104
16 51 94
16 52 107
16 53 104
16 54 102
16 55 94
16 56 110
16 57 98
16 58 94
16 59 101
16 60 92
16 61 96
16 62 94
16 63 101
16 64 107
16 65 103
16 66 97
16 67 105
16 68 97
16 69 98
16 70 104
16 71 98
16 72 97
16 73 103
16 74 97
16 75 109
16 76 101
16 77 105
16 78 103
16 79 94
16 80 98
16 81 99
16 82 92
16 83 104
16 84 97
16 85 106
16 86 101
16 87 99
16 88 99
16 89 104
16 90 101
16 91 100
16 92 96
16 93 103
16 94 105
16 95 92
16 96 100
16 97 94
16 98 95
16 99 96
17 0 99
17 1 101
17 2 89
17 3 104
17 4 100
17 5 104
17 6 92
17 7 98
17 8 100
17 9 105
17 10 93
17 11 102
17 12 100
17 13 101
17 14 101
17 15 88
17 16 98
17 18 105
17 19 90
17 20 105
17 21 104
17 22 98
17 23 99
17 24 100
17 25 99
17 26 99
17 27 107
17 28 98
17 29 103
17 30 94
17 31 96
17 32 104
17 33 97
17 34 110
17 35 99
17 36 92
17 37 95
17 38 101
17 39 106
17 40 98
17 41 103
17 42 100
17 43 99
17 44 93
17 45 92
17 46 93
17 47 93
17 48 108
17 49 101
17 50 103
17 51 100
17 52 95
17 53 105
17 54 103
17 55 97
17 56 89
17 57 106
17 58 99
17 59 103
17 60 101
17 61 89
17 62 103
17 63 94
17 64 98
17 65 104
17 66 100
17 67 100
17 68 105
17 69 103
17 70 97
17 71 111
17 72 109
17 73 101
17 74 107
17 75 105
17 76 98
17 77 103
17 78 101
17 79 105
17 80 102
17 81 100
17 82 109
17 83 97
17 84 99
17 85 94
17 86 90
17 87 98
17 88 107
17 89 107
17 90 94
17 91 93
17 92 100
17 93 96
17 94 99
17 95 101
17 96 102
17 97 95
17 98 96
17 99 100
18 0 92
18 1 96
18 2 100
18 3 91
18 4 97
18 5 96
18 6 102
18 7 102
18 8 90
18 9 95
18 10 99
18 11 100
18 12 102
18 13 105
18 14 94
18 15 97
18 16 88
18 17 103
18 19 100
18 20 102
18 21 98
18 22 101
18 23 101
18 24 99
18 25 104
18 26 100
18 27 108
18 28 93
18 29 97
18 30 103
18 31 105
18 32 100
18 33 100
18 34 95
18 35 99
18 36 98
18 37 109
18 38 96
18 39 107
18 40 99
18 41 98
18 42 102
18 43 89
18 44 105
18 45 98
18 46 97
18 47 96
18 48 94
18 49 95
18 50 94
18 51 100
18 52 95
18 53 97
18 54 92
18 55 99
18 56 101
18 57 108
18 58 103
18 59 93
18 60 100
18 61 98
18 62 104
18 63 102
18 64 94
18 65 115
18 66 91
18 67 95
18 68 99
18 69 100
18 70 103
18 71 105
18 72 100
18 73 103
18 74 97
18 75 102
18 76 103
18 77 101
18 78 93
18 79 94
18 80 105
18 81 102
18 82 94
18 83 106
18 84 94
18 85 104
18 86 104
18 87 105
18 88 97
18 89 106
18 90 98
18 91 102
18 92 93
18 93 99
18 94 98
18 95 101
18 96 92
18 97 95
18 98 109
18 99 94
19 0 96
19 1 98
19 2 104
19 3 105
19 4 98
19 5 90
19 6 107
19 7 102
19 8 97
19 9 89
19 10 95
19 11 93
19 12 103
19 13 95
19 14 99
19 15 110
19 16 97
19 17 99
19 18 102
19 20 94
19 21 100
19 22 95
19 23 101
19 24 103
19 25 92
19 26 103
19 27 93
19 28 94
19 29 93
19 30 91
19 31 110
19 32 93
19 33 99
19 34 103
19 35 102
19 36 94
19 37 102
19 38 105
19 39 100
19 40 107
19 41 101
19 42 103
19 43 95
19 44 101
19 45 88
19 46 93
19 47 96
19 48 96
19 49 89
19 50 108
19 51 97
19 52 102
19 53 97
19 54 87
19 55 103
19 56 97
19 57 100
19 58 94
19 59 104
19 60 104
19 61 97
19 62 97
19 63 101
19 64 97
19 65 104
19 66 99
19 67 94
19 68 110
19 69 98
19 70 101
19 71 97
19 72 102
19 73 106
19 74 98
19 75 98
19 76 108
19 77 94
19 78 96
19 79 102
19 80 96
19 81 106
19 82 98
19 83 104
19 84 95
19 85 99
19 86 90
19 87 108
19 88 101
19 89 95
19 90 93
19 91 105
19 92 96
19 93 100
19 94 101
19 95 104
19 96 98
19 97 101
19 98 100
19 99 98
20 0 95
20 1 97
20 2 89
20 3 101
20 4 97
20 5 103
20 6 104
20 7 100
20 8 95
20 9 104
20 10 91
20 11 101
20 12 93
20 13 104
20 14 93
20 15 99
20 16 98
20 17 106
20 18 95
20 19 95
20 21 94
20 22 98
20 23 98
20 24 94
20 25 101
20 26 109
20 27 110
20 28 102
20 29 99
20 30 99
20 31 99
20 32 102
20 33 96
20 34 93
20 35 89
20 36 106
20 37 105
20 38 88
20 39 100
20 40 111
20 41 96
20 42 100
20 43 97
20 44 97
20 45 96
20 46 98
20 47 108
20 48 100
20 49 95
20 50 106
20 51 100
20 52 92
20 53 95
20 54 106
20 55 101
20 56 108
20 57 104
20 58 103
20 59 102
20 60 91
20 61 104
20 62 109
20 63 108
20 64 99
20 65 94
20 66 108
20 67 103
20 68 96
20 69 102
20 70 100
20 71 96
20 72 100
20 73 106
20 74 105
20 75 108
20 76 92
20 77 93
20 78 104
20 79 95
20 80 102
20 81 103
20 82 105
20 83 103
20 84 87
20 85 110
20 86 97
20 87 88
20 88 98
20 89 107
20 90 101
20 91 103
20 92 102
20 93 102
20 94 96
20 95 110
20 96 104
20 97 109
20 98 105
20 99 95
21 0 100
21 1 106
21 2 99
21 3 93
21 4 97
21 5 100
21 6 90
21 7 94
21 8 105
21 9 99
21 10 108
21 11 94
21 12 100
21 13 91
21 14 99
21 15 99
21 16 97
21 17 106
21 18 97
21 19 102
21 20 91
21 22 103
21 23 96
21 24 104
21 25 100
21 26 99
21 27 92
21 28 96
21 29 98
21 30 103
21 31 89
21 32 96
21 33 100
21 34 93
21 35 97
21 36 109
21 37 98
21 38 101
21 39 105
21 40 106
21 41 105
21 42 103
21 43 104
21 44 98
21 45 100
21 46 100
21 47 102
21 48 105
21 49 106
21 50 93
21 51 97
21 52 96
21 53 94
21 54 100
21 55 97
21 56 108
21 57 105
21 58 95
21 59 108
21 60 100
21 61 103
21 62 98
21 63 97
21 64 107
21 65 103
21 66 111
21 67 104
21 68 112
21 69 103
21 70 95
21 71 97
21 72 98
21 73 105
21 74 100
21 75 100
21 76 105
21 77 94
21 78 107
21 79 99
21 80 101
21 81 97
21 82 104
21 83 106
21 84 110
21 85 101
21 86 101
21 87 94
21 88 93
21 89 99
21 90 107
21 91 102
21 92 94
21 93 109
21 94 101
21 95 102
21 96 111
21 97 100
21 98 92
21 99 108
22 0 102
22 1 97
22 2 102
22 3 101
22 4 100
22 5 105
22 6 99
22 7 116
22 8 96
22 9 108
22 10 96
22 11 90
22 12 100
22 13 105
22 14 106
22 15 91
22 16 105
22 17 99
22 18 94
22 19 98
22 20 104
22 21 100
22 23 102
22 24 91
22 25 99
22 26 108
22 27 106
22 28 100
22 29 102
22 30 95
22 31 103
22 32 98
22 33 92
22 34 92
22 35 100
22 36 99
22 37 99
22 38 107
22 39 103
22 40 100
22 41 94
22 42 92
22 43 93
22 44 105
22 45 95
22 46 104
22 47 94
22 48 98
22 49 108
22 50 93
22 51 88
22 52 95
22 53 102
22 54 101
22 55 99
22 56 105
22 57 105
22 58 96
22 59 96
22 60 100
22 61 103
22 62 98
22 63 93
22 64 110
22 65 109
22 66 100
22 67 97
22 68 102
22 69 105
22 70 96
22 71 107
22 72 102
22 73 101
22 74 92
22 75 98
22 76 100
22 77 104
22 78 105
22 79 101
22 80 102
22 81 95
22 82 100
22 83 98
22 84 110
22 85 98
22 86 94
22 87 102
22 88 96
22 89 103
22 90 98
22 91 107
22 92 104
22 93 105
22 94 106
22 95 106
22 96 107
22 97 98
22 98 92
22 99 98
23 0 116
23 1 103
23 2 96
23 3 103
23 4 97
23 5 94
23 6 104
23 7 103
23 8 102
23 9 98
23 10 89
23 11 109
23 12 106
23 13 101
23 14 102
23 15 102
23 16 100
23 17 102
23 18 101
23 19 107
23 20 98
23 21 101
23 22 99
23 24 101
23 25 96
23 26 90
23 27 103
23 28 97
23 29 102
23 30 88
23 31 108
23 32 92
23 33 94
23 34 103
23 35 104
23 36 94
23 37 102
23 38 100
23 39 102
23 40 95
23 41 109
23 42 105
23 43 102
23 44 100
23 45 92
23 46 105
23 47 97
23 48 91
23 49 109
23 50 91
23 51 103
23 52 98
23 53 98
23 54 88
23 55 104
23 56 96
23 57 100
23 58 98
23 59 104
23 60 100
23 61 101
23 62 90
23 63 104
23 64 115
23 65 98
23 66 95
23 67 114
23 68 100
23 69 99
23 70 105
23 71 100
23 72 94
23 73 112
23 74 101
23 75 111
23 76 101
23 77 112
23 78 94
23 79 103
23 80 94
23 81 96
23 82 102
23 83 111
23 84 94
23 85 102
23 86 101
23 87 98
23 88 92
23 89 99
23 90 92
23 91 99
23 92 91
23 93 101
23 94 105
23 95 110
23 96 96
23 97 88
23 98 99
23 99 98
24 0 103
24 1 97
24 2 94
24 3 96
24 4 98
24 5 93
24 6 99
24 7 99
24 8 103
24 9 97
24 10 101
24 11 107
24 12 104
24 13 97
24 14 105
24 15 95
24 16 111
24 17 98
24 18 96
24 19 94
24 20 97
24 21 98
24 22 100
24 23 102
24 25 99
24 26 99
24 27 103
24 28 109
24 29 97
24 30 100
24 31 96
24 32 101
24 33 102
24 34 96
24 35 100
24 36 91
24 37 103
24 38 95
24 39 101
24 40 103
24 41 99
24 42 97
24 43 86
24 44 102
24 45 100
24 46 91
24 47 95
24 48 97
24 49 104
24 50 104
24 51 99
24 52 103
24 53 90
24 54 98
24 55 101
24 56 105
24 57 99
24 58 98
24 59 109
24 60 99
24 61 101
24 62 96
24 63 101
24 64 100
24 65 101
24 66 107
24 67 97
24 68 105
24 69 96
24 70 102
24 71 99
24 72 95
24 73 88
24 74 96
24 75 100
24 76 97
24 77 107
24 78 101
24 79 99
24 80 101
24 81 98
24 82 101
24 83 101
24 84 100
24 85 98
24 86 101
24 87 94
24 88 102
24 89 94
24 90 93
24 91 92
24 92 101
24 93 90
24 94 97
24 95 96
24 96 107
24 97 100
24 98 101
24 99 105
25 0 98
25 1 102
25 2 108
25 3 103
25 4 101
25 5 103
25 6 96
25 7 100
25 8 103
25 9 96
25 10 93
25 11 91
25 12 107
25 13 95
25 14 91
25 15 106
25 16 95
25 17 102
25 18 98
25 19 99
25 20 108
25 21 99
25 22 107
25 23 106
25 24 97
25 26 97
25 27 97
25 28 95
25 29 97
25 30 104
25 31 103
25 32 104
25 33 100
25 34 106
25 35 107
25 36 102
25 37 101
25 38 103
25 39 90
25 40 98
25 41 105
25 42 102
25 43 100
25 44 95
25 45 94
25 46 80
25 47 96
25 48 97
25 49 109
25 50 104
25 51 102
25 52 94
25 53 104
25 54 94
25 55 94
25 56 99
25 57 96
25 58 99
25 59 104
25 60 98
25 61 102
25 62 88
25 63 98
25 64 93
25 65 100
25 66 105
25 67 94
25 68 102
25 69 100
25 70 97
25 71 102
25 72 96
25 73 88
25 74 101
25 75 90
25 76 94
25 77 104
25 78 99
25 79 94
25 80 98
25 81 104
25 82 100
25 83 105
25 84 97
25 85 101
25 86 107
25 87 98
25 88 101
25 89 98
25 90 99
25 91 93
25 92 109
25 93 95
25 94 101
25 95 102
25 96 97
25 97 110
25 98 91
25 99 105
26 0 99
26 1 99
26 2 96
26 3 91
26 4 100
26 5 97
26 6 100
26 7 102
26 8 97
26 9 98
26 10 91
26 11 99
26 12 105
26 13 96
26 14 102
26 15 101
26 16 92
26 17 105
26 18 105
26 19 102
26 20 98
26 21 103
26 22 104
26 23 116
26 24 95
26 25 102
26 27 102
26 28 94
26 29 89
26 30 96
26 31 109
26 32 102
26 33 99
26 34 99
26 35 91
26 36 93
26 37 110
26 38 96
26 39 98
26 40 98
26 41 94
26 42 107
26 43 102
26 44 104
26 45 99
26 46 97
26 47 100
26 48 93
26 49 98
26 50 105
26 51 99
26 52 93
26 53 95
26 54 106
26 55 100
26 56 92
26 57 94
26 58 107
26 59 96
26 60 91
26 61 95
26 62 103
26 63 101
26 64 97
26 65 101
26 66 98
26 67 104
26 68 105
26 69 104
26 70 102
26 71 97
26 72 98
26 73 96
26 74 90
26 75 96
26 76 96
26 77 107
26 78 87
26 79 102
26 80 102
26 81 94
26 82 98
26 83 96
26 84 97
26 85 101
26 86 95
26 87 100
26 88 90
26 89 100
26 90 104
26 91 96
26 92 95
26 93 94
26 94 100
26 95 101
26 96 91
26 97 102
26 98 99
26 99 102
27 0 94
27 1 101
27 2 89
27 3 100
27 4 100
27 5 101
27 6 101
27 7 106
27 8 103
27 9 93
27 10 97
27 11 95
27 12 102
27 13 103
27 14 97
27 15 101
27 16 97
27 17 99
27 18 100
27 19 100
27 20 85
27 21 98
27 22 108
27 23 101
27 24 101
27 25 90
27 26 93
27 28 90
27 29 99
27 30 104
27 31 94
27 32 114
27 33 99
27 34 101
27 35 107
27 36 98
27 37 99
27 38 98
27 39 99
27 40 98
27 41 100
27 42 105
27 43 93
27 44 105
27 45 97
27 46 97
27 47 104
27 48 98
27 49 107
27 50 103
27 51 108
27 52 90
27 53 106
27 54 94
27 55 111
27 56 96
27 57 96
27 58 97
27 59 101
27 60 97
27 61 97
27 62 103
27 63 94
27 64 100
27 65 102
27 66 95
27 67 93
27 68 107
27 69 100
27 70 100
27 71 103
27 72 95
27 73 96
27 74 93
27 75 84
27 76 98
27 77 98
27 78 101
27 79 95
27 80 82
27 81 99
27 82 102
27 83 91
27 84 108
27 85 92
27 86 102
27 87 94
27 88 91
27 89 94
27 90 105
27 91 96
27 92 112
27 93 102
27 94 106
27 95 96
27 96 98
27 97 95
27 98 103
27 99 97
28 0 92
28 1 99
28 2 95
28 3 105
28 4 104
28 5 102
28 6 105
28 7 90
28 8 92
28 9 104
28 10 95
28 11 92
28 12 106
28 13 110
28 14 100
28 15 98
28 16 93
28 17 100
28 18 103
28 19 100
28 20 107
28 21 102
28 22 99
28 23 96
28 24 101
28 25 109
28 26 106
28 27 102
28 29 92
28 30 98
28 31 100
28 32 109
28 33 95
28 34 107
28 35 91
28 36 104
28 37 107
28 38 101
28 39 95
28 40 94
28 41 89
28 42 96
28 43 107
28 44 100
28 45 104
28 46 93
28 47 99
28 48 96
28 49 99
28 50 100
28 51 96
28 52 94
28 53 102
28 54 97
28 55 102
28 56 96
28 57 102
28 58 103
28 59 95
28 60 106
28 61 105
28 62 101
28 63 98
28 64 111
28 65 111
28 66 98
28 67 97
28 68 108
28 69 94
28 70 107
28 71 99
28 72 100
28 73 99
28 74 104
28 75 104
28 76 99
28 77 108
28 78 101
28 79 95
28 80 101
28 81 103
28 82 102
28 83 102
28 84 94
28 85 95
28 86 99
28 87 99
28 88 99
28 89 91
28 90 94
28 91 95
28 92 99
28 93 95
28 94 91
28 95 104
28 96 98
28 97 99
28 98 105
28 99 96
29 0 99
29 1 99
29 2 101
29 3 95
29 4 98
29 5 103
29 6 101
29 7 99
29 8 105
29 9 107
29 10 97
29 11 106
29 12 96
29 13 101
29 14 107
29 15 95
29 16 103
29 17 95
29 18 96
29 19 103
29 20 110
29 21 90
29 22 93
29 23 109
29 24 90
29 25 107
29 26 108
29 27 95
29 28 100
29 30 95
29 31 99
29 32 96
29 33 101
29 34 94
29 35 93
29 36 99
29 37 98
29 38 96
29 39 103
29 40 96
29 41 98
29 42 100
29 43 109
29 44 100
29 45 98
29 46 89
29 47 102
29 48 99
29 49 98
29 50 99
29 51 95
29 52 110
29 53 106
29 54 99
29 55 97
29 56 97
29 57 105
29 58 102
29 59 102
29 60 90
29 61 98
29 62 96
29 63 93
29 64 104
29 65 103
29 66 106
29 67 104
29 68 99
29 69 105
29 70 100
29 71 100
29 72 104
29 73 100
29 74 96
29 75 102
29 76 98
29 77 105
29 78 96
29 79 101
29 80 103
29 81 103
29 82 101
29 83 101
29 84 93
29 85 100
29 86 102
29 87 103
29 88 100
29 89 103
29 90 106
29 91 103
29 92 93
29 93 93
29 94 93
29 95 104
29 96 105
29 97 97
29 98 99
29 99 100
30 0 97
30 1 98
30 2 106
30 3 99
30 4 96
30 5 96
30 6 104
30 7 94
30 8 101
30 9 102
30 10 105
30 11 95
30 12 96
30 13 107
30 14 104
30 15 102
30 16 101
30 17 100
30 18 92
30 19 104
30 20 109
30 21 100
30 22 104
30 23 98
30 24 109
30 25 97
30 26 108
30 27 109
30 28 101
30 29 95
30 31 100
30 32 98
30 33 99
30 34 105
30 35 93
30 36 100
30 37 90
30 38 94
30 39 102
30 40 104
30 41 95
30 42 102
30 43 100
30 44 99
30 45 102
30 46 98
30 47 101
30 48 98
30 49 101
30 50 106
30 51 104
30 52 98
30 53 108
30 54 104
30 55 102
30 56 94
30 57 98
30 58 96
30 59 104
30 60 99
30 61 90
30 62 95
30 63 99
30 64 100
30 65 105
30 66 99
30 67 106
30 68 108
30 69 95
30 70 93
30 71 93
30 72 101
30 73 96
30 74 90
30 75 89
30 76 103
30 77 104
30 78 88
30 79 105
30 80 98
30 81 98
30 82 112
30 83 98
30 84 99
30 85 100
30 86 97
30 87 106
30 88 101
30 89 105
30 90 95
30 91 97
30 92 95
30 93 108
30 94 98
30 95 101
30 96 98
30 97 106
30 98 92
30 99 94
31 0 93
31 1 101
31 2 102
31 3 104
31 4 104
31 5 104
31 6 92
31 7 103
31 8 94
31 9 95
31 10 100
31 11 107
31 12 101
31 13 112
31 14 94
31 15 95
31 16 95
31 17 109
31 18 99
31 19 104
31 20 100
31 21 100
31 22 96
31 23 102
31 24 98
31 25 95
31 26 90
31 27 93
31 28 107
31 29 101
31 30 93
31 32 100
31 33 98
31 34 109
31 35 92
31 36 100
31 37 103
31 38 94
31 39 99
31 40 103
31 41 101
31 42 99
31 43 99
31 44 97
31 45 102
31 46 106
31 47 101
31 48 99
31 49 95
31 50 97
31 51 104
31 52 101
31 53 94
31 54 102
31 55 98
31 56 110
31 57 106
31 58 89
31 59 97
31 60 104
31 61 92
31 62 96
31 63 99
31 64 106
31 65 100
31 66 93
31 67 107
31 68 110
31 69 102
31 70 100
31 71 104
31 72 93
31 73 102
31 74 93
31 75 100
31 76 91
31 77 99
31 78 95
31 79 102
31 80 98
31 81 106
31 82 98
31 83 104
31 84 102
31 85 101
31 86 99
31 87 98
31 88 107
31 89 97
31 90 97
31 91 100
31 92 92
31 93 94
31 94 101
31 95 103
31 96 103
31 97 105
31 98 94
31 99 96
32 0 96
32 1 101
32 2 99
32 3 101
32 4 99
32 5 89
32 6 103
32 7 100
32 8 92
32 9 101
32 10 99
32 11 99
32 12 101
32 13 100
32 14 95
32 15 105
32 16 99
32 17 107
32 18 89
32 19 95
32 20 105
32 21 103
32 22 98
32 23 95
32 24 98
32 25 103
32 26 91
32 27 108
32 28 98
32 29 103
32 30 98
32 31 94
32 33 99
32 34 99
32 35 96
32 36 102
32 37 100
32 38 102
32 39 94
32 40 99
32 41 98
32 42 84
32 43 101
32 44 104
32 45 108
32 46 109
32 47 101
32 48 106
32 49 100
32 50 103
32 51 100
32 52 94
32 53 95
32 54 92
32 55 102
32 56 91
32 57 104
32 58 91
32 59 105
32 60 106
32 61 95
32 62 107
32 63 105
32 64 107
32 65 101
32 66 99
32 67 100
32 68 107
32 69 97
32 70 97
32 71 98
32 72 105
32 73 99
32 74 94
32 75 103
32 76 89
32 77 101
32 78 103
32 79 90
32 80 96
32 81 100
32 82 101
32 83 104
32 84 99
32 85 89
32 86 104
32 87 108
32 88 99
32 89 98
32 90 95
32 91 100
32 92 95
32 93 88
32 94 96
32 95 102
32 96 102
32 97 97
32 98 100
32 99 97
33 0 103
33 1 95
33 2 100
33 3 105
33 4 109
33 5 104
33 6 104
33 7 93
33 8 93
33 9 108
33 10 99
33 11 97
33 12 99
33 13 96
33 14 102
33 15 99
33 16 102
33 17 105
33 18 104
33 19 113
33 20 101
33 21 103
33 22 96
33 23 97
33 24 95
33 25 97
33 26 94
33 27 90
33 28 97
33 29 100
33 30 102
33 31 102
33 32 96
33 34 90
33 35 109
33 36 89
33 37 101
33 38 99
33 39 96
33 40 100
33 41 95
33 42 98
33 43 101
33 44 109
33 45 99
33 46 95
33 47 100
33 48 108
33 49 102
33 50 100
33 51 98
33 52 114
33 53 104
33 54 105
33 55 92
33 56 102
33 57 91
33 58 98
33 59 97
33 60 93
33 61 96
33 62 97
33 63 96
33 64 95
33 65 99
33 66 99
33 67 106
33 68 101
33 69 106
33 70 105
33 71 99
33 72 102
33 73 97
33 74 104
33 75 99
33 76 104
33 77 101
33 78 106
33 79 97
33 80 93
33 81 102
33 82 104
33 83 99
33 84 101
33 85 98
33 86 103
33 87 100
33 88 107
33 89 107
33 90 95
33 91 105
33 92 98
33 93 100
33 94 102
33 95 99
33 96 107
33 97 102
33 98 104
33 99 88
34 0 101
34 1 98
34 2 92
34 3 100
34 4 99
34 5 104
34 6 104
34 7 102
34 8 93
34 9 102
34 10 96
34 11 110
34 12 102
34 13 95
34 14 91
34 15 98
34 16 101
34 17 103
34 18 99
34 19 99
34 20 94
34 21 103
34 22 98
34 23 107
34 24 95
34 25 101
34 26 100
34 27 99
34 28 100
34 29 101
34 30 97
34 31 97
34 32 95
34 33 95
34 35 93
34 36 100
34 37 106
34 38 95
34 39 101
34 40 95
34 41 97
34 42 98
34 43 99
34 44 98
34 45 96
34 46 94
34 47 109
34 48 100
34 49 86
34 50 93
34 51 92
34 52 93
34 53 98
34 54 99
34 55 93
34 56 96
34 57 100
34 58 106
34 59 95
34 60 104
34 61 105
34 62 105
34 63 98
34 64 95
34 65 102
34 66 99
34 67 104
34 68 102
34 69 102
34 70 94
34 71 89
34 72 99
34 73 96
34 74 96
34 75 99
34 76 102
34 77 102
34 78 95
34 79 96
34 80 99
34 81 101
34 82 99
34 83 94
34 84 110
34 85 105
34 86 92
34 87 104
34 88 96
34 89 97
34 90 100
34 91 102
34 92 104
34 93 98
34 94 103
34 95 103
34 96 94
34 97 97
34 98 104
34 99 103
35 0 102
35 1 98
35 2 97
35 3 104
35 4 92
35 5 99
35 6 93
35 7 100
35 8 93
35 9 100
35 10 96
35 11 90
35 12 103
35 13 94
35 14 103
35 15 98
35 16 93
35 17 99
35 18 103
35 19 98
35 20 103
35 21 100
35 22 98
35 23 98
35 24 108
35 25 105
35 26 97
35 27 101
35 28 96
35 29 97
35 30 94
35 31 105
35 32 95
35 33 92
35 34 101
35 36 104
35 37 104
35 38 100
35 39 112
35 40 93
35 41 88
35 42 94
35 43 96
35 44 91
35 45 95
35 46 92
35 47 98
35 48 96
35 49 100
35 50 100
35 51 103
35 52 103
35 53 97
35 54 104
35 55 107
35 56 96
35 57 95
35 58 101
35 59 101
35 60 101
35 61 95
35 62 106
35 63 100
35 64 94
35 65 99
35 66 90
35 67 97
35 68 103
35 69 95
35 70 99
35 71 98
35 72 91
35 73 104
35 74 104
35 75 98
35 76 98
35 77 88
35 78 94
35 79 101
35 80 95
35 81 100
35 82 103
35 83 96
35 84 103
35 85 99
35 86 102
35 87 101
35 88 102
35 89 99
35 90 101
35 91 82
35 92 101
35 93 94
35 94 108
35 95 104
35 96 99
35 97 106
35 98 99
35 99 100
36 0 99
36 1 102
36 2 91
36 3 104
36 4 98
36 5 105
36 6 94
36 7 97
36 8 93
36 9 109
36 10 97
36 11 95
36 12 93
36 13 92
36 14 92
36 15 93
36 16 106
36 17 109
36 18 93
36 19 100
36 20 116
36 21 96
36 22 92
36 23 97
36 24 96
36 25 105
36 26 105
36 27 102
36 28 96
36 29 93
36 30 102
36 31 104
36 32 100
36 33 93
36 34 105
36 35 101
36 37 93
36 38 96
36 39 99
36 40 90
36 41 99
36 42 93
36 43 98
36 44 103
36 45 95
36 46 97
36 47 100
36 48 114
36 49 98
36 50 99
36 51 97
36 52 97
36 53 100
36 54 99
36 55 110
36 56 100
36 57 91
36 58 95
36 59 95
36 60 105
36 61 102
36 62 103
36 63 93
36 64 98
36 65 98
36 66 105
36 67 103
36 68 99
36 69 107
36 70 99
36 71 116
36 72 105
36 73 97
36 74 109
36 75 94
36 76 99
36 77 100
36 78 99
36 79 96
36 80 105
36 81 103
36 82 96
36 83 94
36 84 111
36 85 108
36 86 97
36 87 92
36 88 88
36 89 99
36 90 100
36 91 95
36 92 102
36 93 104
36 94 94
36 95 108
36 96 92
36 97 99
36 98 100
36 99 95
37 0 99
37 1 97
37 2 96
37 3 110
37 4 99
37 5 94
37 6 101
37 7 99
37 8 103
37 9 102
37 10 100
37 11 87
37 12 99
37 13 104
37 14 101
37 15 99
37 16 100
37 17 100
37 18 102
37 19 101
37 20 103
37 21 97
37 22 100
37 23 98
37 24 105
37 25 113
37 26 106
37 27 101
37 28 101
37 29 97
37 30 97
37 31 98
37 32 97
37 33 93
37 34 97
37 35 107
37 36 112
37 38 102
37 39 117
37 40 107
37 41 98
37 42 99
37 43 109
37 44 105
37 45 102
37 46 94
37 47 95
37 48 93
37 49 88
37 50 106
37 51 95
37 52 101
37 53 101
37 54 86
37 55 94
37 56 96
37 57 96
37 58 105
37 59 102
37 60 101
37 61 105
37 62 108
37 63 93
37 64 103
37 65 101
37 66 90
37 67 98
37 68 88
37 69 96
37 70 96
37 71 102
37 72 104
37 73 106
37 74 96
37 75 89
37 76 99
37 77 96
37 78 102
37 79 102
37 80 104
37 81 108
37 82 98
37 83 100
37 84 97
37 85 112
37 86 97
37 87 90
37 88 100
37 89 99
37 90 92
37 91 98
37 92 103
37 93 101
37 94 103
37 95 112
37 96 101
37 97 98
37 98 96
37 99 102
38 0 100
38 1 107
38 2 107
38 3 106
38 4 105
38 5 104
38 6 100
38 7 94
38 8 98
38 9 97
38 10 95
38 11 88
38 12 103
38 13 103
38 14 97
38 15 103
38 16 95
38 17 101
38 18 95
38 19 104
38 20 103
38 21 105
38 22 98
38 23 97
38 24 96
38 25 94
38 26 103
38 27 111
38 28 103
38 29 84
38 30 101
38 31 103
38 32 98
38 33 107
38 34 97
38 35 99
38 36 109
38 37 98
38 39 94
38 40 101
38 41 94
38 42 97
38 43 97
38 44 103
38 45 94
38 46 109
38 47 99
38 48 93
38 49 103
38 50 102
38 51 98
38 52 95
38 53 98
38 54 98
38 55 97
38 56 101
38 57 96
38 58 106
38 59 104
38 60 99
38 61 104
38 62 101
38 63 104
38 64 98
38 65 93
38 66 99
38 67 98
38 68 107
38 69 97
38 70 99
38 71 90
38 72 104
38 73 99
38 74 106
38 75 95
38 76 96
38 77 100
38 78 101
38 79 102
38 80 87
38 81 105
38 82 105
38 83 102
38 84 94
38 85 109
38 86 103
38 87 104
38 88 102
38 89 108
38 90 105
38 91 91
38 92 99
38 93 103
38 94 94
38 95 93
38 96 108
38 97 99
38 98 99
38 99 110
39 0 98
39 1 109
39 2 94
39 3 97
39 4 103
39 5 101
39 6 108
39 7 107
39 8 102
39 9 96
39 10 93
39 11 109
39 12 104
39 13 101
39 14 92
39 15 97
39 16 99
39 17 104
39 18 88
39 19 101
39 20 98
39 21 106
39 22 90
39 23 99
39 24 97
39 25 102
39 26 100
39 27 96
39 28 106
39 29 98
39 30 106
39 31 106
39 32 105
39 33 98
39 34 93
39 35 101
39 36 95
39 37 94
39 38 97
39 40 108
39 41 95
39 42 101
39 43 96
39 44 101
39 45 100
39 46 101
39 47 99
39 48 107
39 49 100
39 50 98
39 51 98
39 52 110
39 53 102
39 54 105
39 55 95
39 56 95
39 57 99
39 58 97
39 59 104
39 60 91
39 61 95
39 62 93
39 63 105
39 64 105
39 65 90
39 66 107
39 67 98
39 68 99
39 69 94
39 70 101
39 71 99
39 72 91
39 73 95
39 74 93
39 75 98
39 76 90
39 77 102
39 78 101
39 79 103
39 80 90
39 81 99
39 82 104
39 83 98
39 84 98
39 85 97
39 86 92
39 87 106
39 88 95
39 89 94
39 90 102
39 91 94
39 92 99
39 93 103
39 94 99
39 95 93
39 96 101
39 97 97
39 98 95
39 99 93
40 0 98
40 1 94
40 2 97
40 3 99
40 4 102
40 5 106
40 6 100
40 7 93
40 8 104
40 9 101
40 10 99
40 11 100
40 12 94
40 13 99
40 14 97
40 15 95
40 16 105
40 17 92
40 18 96
40 19 105
40 20 95
40 21 99
40 22 101
40 23 104
40 24 105
40 25 97
40 26 107
40 27 102
40 28 107
40 29 95
40 30 107
40 31 101
40 32 94
40 33 109
40 34 96
40 35 97
40 36 90
40 37 101
40 38 105
40 39 102
40 41 96
40 42 101
40 43 98
40 44 96
40 45 103
40 46 103
40 47 85
40 48 99
40 49 103
40 50 105
40 51 106
40 52 101
40 53 94
40 54 96
40 55 104
40 56 103
40 57 102
40 58 101
40 59 98
40 60 99
40 61 101
40 62 96
40 63 92
40 64 94
40 65 99
40 66 97
40 67 100
40 68 94
40 69 93
40 70 94
40 71 102
40 72 103
40 73 96
40 74 99
40 75 101
40 76 99
40 77 94
40 78 97
40 79 101
40 80 100
40 81 103
40 82 92
40 83 100
40 84 98
40 85 100
40 86 91
40 87 103
40 88 100
40 89 89
40 90 103
40 91 105
40 92 97
40 93 100
40 94 95
40 95 92
40 96 104
40 97 101
40 98 91
40 99 101
41 0 99
41 1 92
41 2 102
41 3 91
41 4 105
41 5 111
41 6 98
41 7 101
41 8 109
41 9 90
41 10 95
41 11 105
41 12 105
41 13 100
41 14 98
41 15 99
41 16 104
41 17 90
41 18 102
41 19 97
41 20 94
41 21 102
41 22 103
41 23 103
41 24 95
41 25 95
41 26 105
41 27 95
41 28 105
41 29 99
41 30 97
41 31 94
41 32 102
41 33 90
41 34 104
41 35 98
41 36 98
41 37 98
41 38 103
41 39 100
41 40 107
41 42 93
41 43 103
41 44 98
41 45 102
41 46 90
41 47 106
41 48 93
41 49 99
41 50 100
41 51 103
41 52 101
41 53 95
41 54 99
41 55 95
41 56 103
41 57 88
41 58 99
41 59 100
41 60 95
41 61 99
41 62 92
41 63 98
41 64 106
41 65 95
41 66 98
41 67 100
41 68 110
41 69 95
41 70 92
41 71 101
41 72 95
41 73 94
41 74 109
41 75 94
41 76 103
41 77 96
41 78 104
41 79 101
41 80 102
41 81 93
41 82 95
41 83 110
41 84 104
41 85 91
41 86 102
41 87 110
41 88 94
41 89 96
41 90 102
41 91 101
41 92 99
41 93 105
41 94 99
41 95 95
41 96 95
41 97 98
41 98 102
41 99 98
42 0 94
42 1 101
42 2 100
42 3 97
42 4 97
42 5 105
42 6 94
42 7 95
42 8 99
42 9 101
42 10 93
42 11 96
42 12 106
42 13 101
42 14 98
42 15 101
42 16 92
42 17 102
42 18 102
42 19 104
42 20 112
42 21 94
42 22 97
42 23 100
42 24 102
42 25 98
42 26 97
42 27 99
42 28 97
42 29 94
42 30 99
42 31 100
42 32 106
42 33 110
42 34 101
42 35 103
42 36 90
42 37 105
42 38 91
42 39 98
42 40 102
42 41 98
42 43 98
42 44 103
42 45 104
42 46 104
42 47 106
42 48 92
42 49 99
42 50 106
42 51 102
42 52 107
42 53 100
42 54 101
42 55 105
42 56 94
42 57 111
42 58 88
42 59 105
42 60 96
42 61 108
42 62 95
42 63 98
42 64 101
42 65 109
42 66 97
42 67 104
42 68 107
42 69 100
42 70 96
42 71 96
42 72 108
42 73 100
42 74 101
42 75 101
42 76 103
42 77 103
42 78 99
42 79 103
42 80 99
42 81 99
42 82 98
42 83 101
42 84 99
42 85 106
42 86 102
42 87 106
42 88 102
42 89 103
42 90 99
42 91 101
42 92 93
42 93 114
42 94 103
42 95 103
42 96 101
42 97 95
42 98 100
42 99 95
43 0 95
43 1 98
43 2 96
43 3 97
43 4 104
43 5 98
43 6 96
43 7 100
43 8 96
43 9 98
43 10 104
43 11 91
43 12 99
43 13 91
43 14 102
43 15 104
43 16 98
43 17 100
43 18 98
43 19 94
43 20 104
43 21 102
43 22 97
43 23 103
43 24 98
43 25 97
43 26 96
43 27 99
43 28 100
43 29 96
43 30 105
43 31 96
43 32 103
43 33 101
43 34 90
43 35 103
43 36 100
43 37 99
43 38 98
43 39 91
43 40 99
43 41 105
43 42 100
43 44 92
43 45 107
43 46 93
43 47 102
43 48 93
43 49 88
43 50 102
43 51 100
43 52 93
43 53 93
43 54 104
43 55 101
43 56 95
43 57 105
43 58 96
43 59 89
43 60 105
43 61 96
43 62 95
43 63 98
43 64 97
43 65 98
43 66 97
43 67 91
43 68 102
43 69 101
43 70 107
43 71 105
43 72 95
43 73 110
43 74 100
43 75 106
43 76 101
43 77 102
43 78 102
43 79 97
43 80 107
43 81 101
43 82 79
43 83 100
43 84 97
43 85 97
43 86 91
43 87 101
43 88 107
43 89 94
43 90 100
43 91 101
43 92 96
43 93 105
43 94 105
43 95 107
43 96 98
43 97 102
43 98 108
43 99 98
44 0 92
44 1 93
44 2 96
44 3 102
44 4 101
44 5 84
44 6 89
44 7 101
44 8 94
44 9 104
44 10 92
44 11 101
44 12 93
44 13 99
44 14 98
44 15 102
44 16 105
44 17 95
44 18 99
44 19 103
44 20 99
44 21 102
44 22 110
44 23 90
44 24 108
44 25 95
44 26 104
44 27 94
44 28 99
44 29 102
44 30 95
44 31 103
44 32 106
44 33 96
44 34 98
44 35 102
44 36 93
44 37 110
44 38 99
44 39 86
44 40 96
44 41 101
44 42 99
44 43 94
44 45 98
44 46 97
44 47 99
44 48 102
44 49 98
44 50 97
44 51 100
44 52 94
44 53 103
44 54 98
44 55 93
44 56 109
44 57 96
44 58 98
44 59 100
44 60 90
44 61 104
44 62 89
44 63 89
44 64 102
44 65 101
44 66 105
44 67 97
44 68 98
44 69 105
44 70 102
44 71 105
44 72 101
44 73 100
44 74 103
44 75 98
44 76 98
44 77 115
44 78 93
44 79 103
44 80 86
44 81 105
44 82 104
44 83 108
44 84 90
44 85 100
44 86 94
44 87 89
44 88 102
44 89 97
44 90 101
44 91 92
44 92 101
44 93 94
44 94 99
44 95 103
44 96 95
44 97 102
44 98 101
44 99 90
45 0 103
45 1 93
45 2 102
45 3 113
45 4 98
45 5 100
45 6 98
45 7 104
45 8 97
45 9 98
45 10 105
45 11 100
45 12 98
45 13 96
45 14 103
45 15 99
45 16 101
45 17 104
45 18 99
45 19 97
45 20 97
45 21 87
45 22 99
45 23 97
45 24 104
45 25 93
45 26 99
45 27 104
45 28 97
45 29 104
45 30 105
45 31 103
45 32 98
45 33 110
45 34 102
45 35 98
45 36 106
45 37 93
45 38 101
45 39 108
45 40 95
45 41 104
45 42 94
45 43 103
45 44 104
45 46 103
45 47 101
45 48 100
45 49 99
45 50 89
45 51 101
45 52 97
45 53 97
45 54 99
45 55 97
45 56 101
45 57 100
45 58 105
45 59 103
45 60 104
45 61 100
45 62 93
45 63 110
45 64 93
45 65 106
45 66 108
45 67 100
45 68 94
45 69 99
45 70 110
45 71 98
45 72 104
45 73 96
45 74 93
45 75 99
45 76 95
45 77 98
45 78 95
45 79 104
45 80 92
45 81 96
45 82 100
45 83 99
45 84 94
45 85 111
45 86 101
45 87 99
45 88 101
45 89 101
45 90 100
45 91 101
45 92 101
45 93 98
45 94 98
45 95 93
45 96 95
45 97 100
45 98 104
45 99 91
46 0 101
46 1 95
46 2 97
46 3 106
46 4 90
46 5 105
46 6 100
46 7 107
46 8 104
46 9 91
46 10 107
46 11 90
46 12 106
46 13 95
46 14 102
46 15 110
46 16 98
46 17 105
46 18 94
46 19 105
46 20 95
46 21 103
46 22 97
46 23 103
46 24 100
46 25 106
46 26 95
46 27 99
46 28 100
46 29 103
46 30 95
46 31 97
46 32 102
46 33 94
46 34 103
46 35 105
46 36 101
46 37 102
46 38 100
46 39 97
46 40 101
46 41 98
46 42 92
46 43 95
46 44 103
46 45 94
46 47 102
46 48 104
46 49 98
46 50 98
46 51 101
46 52 96
46 53 89
46 54 95
46 55 98
46 56 101
46 57 102
46 58 99
46 59 100
46 60 92
46 61 100
46 62 106
46 63 106
46 64 96
46 65 93
46 66 94
46 67 107
46 68 109
46 69 102
46 70 99
46 71 97
46 72 96
46 73 94
46 74 100
46 75 100
46 76 105
46 77 99
46 78 99
46 79 96
46 80 100
46 81 90
46 82 87
46 83 100
46 84 103
46 85 95
46 86 105
46 87 97
46 88 101
46 89 99
46 90 107
46 91 96
46 92 100
46 93 99
46 94 94
46 95 99
46 96 102
46 97 101
46 98 107
46 99 99
47 0 95
47 1 99
47 2 110
47 3 105
47 4 99
47 5 99
47 6 105
47 7 108
47 8 96
47 9 97
47 10 95
47 11 89
47 12 96
47 13 105
47 14 100
47 15 93
47 16 96
47 17 93
47 18 96
47 19 96
47 20 95
47 21 101
47 22 97
47 23 97
47 24 97
47 25 100
47 26 111
47 27 100
47 28 103
47 29 98
47 30 99
47 31 101
47 32 96
47 33 103
47 34 101
47 35 101
47 36 99
47 37 100
47 38 104
47 39 100
47 40 104
47 41 107
47 42 93
47 43 97
47 44 108
47 45 101
47 46 96
47 48 100
47 49 102
47 50 104
47 51 100
47 52 107
47 53 101
47 54 102
47 55 105
47 56 101
47 57 90
47 58 100
47 59 91
47 60 109
47 61 100
47 62 94
47 63 103
47 64 97
47 65 93
47 66 99
47 67 103
47 68 105
47 69 94
47 70 101
47 71 98
47 72 104
47 73 95
47 74 97
47 75 106
47 76 100
47 77 99
47 78 95
47 79 97
47 80 86
47 81 101
47 82 96
47 83 94
47 84 102
47 85 99
47 86 106
47 87 104
47 88 93
47 89 99
47 90 101
47 91 101
47 92 95
47 93 108
47 94 101
47 95 97
47 96 97
47 97 96
47 98 107
47 99 104
48 0 103
48 1 93
48 2 100
48 3 100
48 4 99
48 5 110
48 6 96
48 7 99
48 8 98
48 9 107
48 10 99
48 11 98
48 12 107
48 13 104
48 14 96
48 15 102
48 16 99
48 17 107
48 18 94
48 19 98
48 20 105
48 21 105
48 22 105
48 23 106
48 24 95
48 25 101
48 26 95
48 27 100
48 28 97
48 29 97
48 30 102
48 31 98
48 32 97
48 33 96
48 34 102
48 35 95
48 36 94
48 37 99
48 38 102
48 39 107
48 40 94
48 41 93
48 42 101
48 43 104
48 44 99
48 45 94
48 46 102
48 47 95
48 49 96
48 50 97
48 51 102
48 52 101
48 53 92
48 54 105
48 55 92
48 56 91
48 57 102
48 58 99
48 59 97
48 60 100
48 61 97
48 62 101
48 63 86
48 64 107
48 65 98
48 66 94
48 67 96
48 68 102
48 69 91
48 70 100
48 71 105
48 72 97
48 73 106
48 74 91
48 75 98
48 76 95
48 77 86
48 78 101
48 79 97
48 80 92
48 81 100
48 82 95
48 83 97
48 84 102
48 85 90
48 86 100
48 87 91
48 88 99
48 89 95
48 90 101
48 91 102
48 92 106
48 93 105
48 94 101
48 95 92
48 96 106
48 97 95
48 98 90
48 99 105
49 0 104
49 1 95
49 2 104
49 3 105
49 4 100
49 5 96
49 6 89
49 7 102
49 8 96
49 9 98
49 10 109
49 11 100
49 12 103
49 13 99
49 14 104
49 15 92
49 16 101
49 17 92
49 18 94
49 19 101
49 20 95
49 21 106
49 22 103
49 23 106
49 24 102
49 25 106
49 26 89
49 27 95
49 28 100
49 29 92
49 30 103
49 31 104
49 32 102
49 33 103
49 34 95
49 35 93
49 36 104
49 37 99
49 38 97
49 39 102
49 40 92
49 41 90
49 42 100
49 43 99
49 44 102
49 45 95
49 46 101
49 47 102
49 48 109
49 50 99
49 51 101
49 52 103
49 53 104
49 54 102
49 55 106
49 56 103
49 57 95
49 58 94
49 59 106
49 60 103
49 61 106
49 62 96
49 63 111
49 64 104
49 65 99
49 66 101
49 67 94
49 68 100
49 69 104
49 70 101
49 71 99
49 72 99
49 73 104
49 74 96
49 75 98
49 76 99
49 77 93
49 78 97
49 79 100
49 80 101
49 81 96
49 82 97
49 83 100
49 84 93
49 85 100
49 86 113
49 87 94
49 88 96
49 89 97
49 90 98
49 91 107
49 92 103
49 93 100
49 94 103
49 95 97
49 96 99
49 97 92
49 98 88
49 99 101
50 0 94
50 1 96
50 2 107
50 3 101
50 4 98
50 5 103
50 6 96
50 7 100
50 8 105
50 9 96
50 10 96
50 11 95
50 12 88
50 13 93
50 14 95
50 15 102
50 16 108
50 17 97
50 18 95
50 19 108
50 20 96
50 21 101
50 22 100
50 23 95
50 24 100
50 25 92
50 26 105
50 27 103
50 28 98
50 29 104
50 30 100
50 31 100
50 32 95
50 33 100
50 34 95
50 35 98
50 36 94
50 37 94
50 38 100
50 39 99
50 40 105
50 41 93
50 42 100
50 43 96
50 44 97
50 45 97
50 46 108
50 47 93
50 48 98
50 49 92
50 51 99
50 52 100
50 53 101
50 54 102
50 55 97
50 56 104
50 57 99
50 58 97
50 59 90
50 60 98
50 61 96
50 62 99
50 63 101
50 64 102
50 65 96
50 66 99
50 67 107
50 68 104
50 69 102
50 70 106
50 71 98
50 72 101
50 73 98
50 74 106
50 75 103
50 76 106
50 77 98
50 78 103
50 79 99
50 80 101
50 81 95
50 82 98
50 83 94
50 84 109
50 85 102
50 86 92
50 87 95
50 88 95
50 89 102
50 90 101
50 91 97
50 92 97
50 93 107
50 94 101
50 95 102
50 96 95
50 97 99
50 98 98
50 99 105
51 0 100
51 1 97
51 2 108
51 3 97
51 4 99
51 5 108
51 6 94
51 7 101
51 8 94
51 9 98
51 10 94
51 11 104
51 12 97
51 13 99
51 14 101
51 15 98
51 16 99
51 17 91
51 18 107
51 19 100
51 20 94
51 21 105
51 22 112
51 23 105
51 24 95
51 25 99
51 26 91
51 27 93
51 28 99
51 29 106
51 30 89
51 31 96
51 32 96
51 33 94
51 34 87
51 35 103
51 36 108
51 37 100
51 38 90
51 39 105
51 40 98
51 41 99
51 42 91
51 43 107
51 44 101
51 45 87
51 46 94
51 47 88
51 48 95
51 49 97
51 50 105
51 52 100
51 53 89
51 54 97
51 55 102
51 56 100
51 57 95
51 58 93
51 59 98
51 60 95
51 61 106
51 62 105
51 63 105
51 64 101
51 65 98
51 66 98
51 67 104
51 68 98
51 69 104
51 70 98
51 71 108
51 72 98
51 73 103
51 74 95
51 75 104
51 76 105
51 77 97
51 78 106
51 79 95
51 80 104
51 81 102
51 82 95
51 83 97
51 84 102
51 85 98
51 86 95
51 87 102
51 88 95
51 89 102
51 90 102
51 91 100
51 92 91
51 93 93
51 94 98
51 95 100
51 96 93
51 97 103
51 98 98
51 99 97
52 0 110
52 1 100
52 2 110
52 3 93
52 4 100
52 5 100
52 6 100
52 7 100
52 8 105
52 9 100
52 10 101
52 11 102
52 12 96
52 13 99
52 14 108
52 15 99
52 16 109
52 17 95
52 18 114
52 19 100
52 20 93
52 21 96
52 22 97
52 23 98
52 24 103
52 25 107
52 26 104
52 27 101
52 28 101
52 29 102
52 30 102
52 31 98
52 32 100
52 33 105
52 34 102
52 35 96
52 36 98
52 37 100
52 38 93
52 39 101
52 40 92
52 41 96
52 42 111
52 43 98
52 44 101
52 45 88
52 46 92
52 47 98
52 48 100
52 49 101
52 50 99
52 51 106
52 53 102
52 54 100
52 55 101
52 56 95
52 57 99
52 58 94
52 59 96
52 60 94
52 61 103
52 62 101
52 63 101
52 64 100
52 65 104
52 66 101
52 67 93
52 68 94
52 69 108
52 70 96
52 71 105
52 72 104
52 73 93
52 74 99
52 75 102
52 76 91
52 77 94
52 78 99
52 79 96
52 80 109
52 81 95
52 82 98
52 83 100
52 84 102
52 85 101
52 86 112
52 87 100
52 88 104
52 89 100
52 90 98
52 91 95
52 92 102
52 93 102
52 94 97
52 95 97
52 96 106
52 97 107
52 98 97
52 99 99
53 0 91
53 1 92
53 2 90
53 3 104
53 4 99
53 5 95
53 6 95
53 7 100
53 8 98
53 9 98
53 10 103
53 11 108
53 12 99
53 13 100
53 14 98
53 15 97
53 16 103
53 17 96
53 18 94
53 19 102
53 20 86
53 21 99
53 22 95
53 23 115
53 24 95
53 25 103
53 26 93
53 27 93
53 28 97
53 29 98
53 30 103
53 31 105
53 32 92
53 33 93
53 34 99
53 35 99
53 36 102
53 37 102
53 38 93
53 39 103
53 40 100
53 41 94
53 42 106
53 43 101
53 44 104
53 45 94
53 46 98
53 47 102
53 48 100
53 49 110
53 50 96
53 51 98
53 52 102
53 54 98
53 55 94
53 56 101
53 57 104
53 58 97
53 59 96
53 60 92
53 61 101
53 62 96
53 63 97
53 64 96
53 65 106
53 66 96
53 67 99
53 68 105
53 69 106
53 70 96
53 71 92
53 72 100
53 73 101
53 74 99
53 75 93
53 76 91
53 77 101
53 78 99
53 79 104
53 80 106
53 81 88
53 82 107
53 83 103
53 84 95
53 85 91
53 86 102
53 87 101
53 88 101
53 89 96
53 90 100
53 91 103
53 92 99
53 93 106
53 94 102
53 95 99
53 96 96
53 97 104
53 98 94
53 99 93
54 0 98
54 1 93
54 2 99
54 3 107
54 4 106
54 5 99
54 6 96
54 7 101
54 8 106
54 9 102
54 10 99
54 11 100
54 12 104
54 13 104
54 14 98
54 15 108
54 16 93
54 17 107
54 18 95
54 19 93
54 20 98
54 21 106
54 22 99
54 23 105
54 24 98
54 25 100
54 26 99
54 27 104
54 28 95
54 29 102
54 30 99
54 31 96
54 32 100
54 33 109
54 34 88
54 35 100
54 36 102
54 37 102
54 38 103
54 39 105
54 40 96
54 41 99
54 42 90
54 43 93
54 44 99
54 45 103
54 46 100
54 47 97
54 48 101
54 49 93
54 50 95
54 51 97
54 52 94
54 53 97
54 55 102
54 56 105
54 57 93
54 58 100
54 59 101
54 60 95
54 61 105
54 62 94
54 63 87
54 64 98
54 65 101
54 66 100
54 67 109
54 68 94
54 69 102
54 70 104
54 71 88
54 72 87
54 73 105
54 74 97
54 75 91
54 76 99
54 77 99
54 78 102
54 79 98
54 80 105
54 81 103
54 82 101
54 83 106
54 84 102
54 85 103
54 86 91
54 87 108
54 88 94
54 89 101
54 90 97
54 91 99
54 92 98
54 93 98
54 94 101
54 95 99
54 96 88
54 97 99
54 98 104
54 99 101
55 0 97
55 1 94
55 2 95
55 3 101
55 4 107
55 5 107
55 6 95
55 7 99
55 8 106
55 9 103
55 10 97
55 11 102
55 12 102
55 13 99
55 14 90
55 15 105
55 16 94
55 17 99
55 18 102
55 19 99
55 20 101
55 21 95
55 22 97
55 23 104
55 24 93
55 25 94
55 26 95
55 27 97
55 28 100
55 29 97
55 30 102
55 31 106
55 32 96
55 33 95
55 34 100
55 35 112
55 36 98
55 37 100
55 38 104
55 39 107
55 40 101
55 41 102
55 42 99
55 43 103
55 44 92
55 45 97
55 46 102
55 47 102
55 48 103
55 49 97
55 50 99
55 51 103
55 52 104
55 53 104
55 54 97
55 56 99
55 57 105
55 58 101
55 59 92
55 60 95
55 61 99
55 62 106
55 63 106
55 64 100
55 65 107
55 66 95
55 67 104
55 68 104
55 69 100
55 70 96
55 71 100
55 72 101
55 73 105
55 74 92
55 75 103
55 76 99
55 77 102
55 78 106
55 79 97
55 80 101
55 81 110
55 82 95
55 83 90
55 84 95
55 85 91
55 86 101
55 87 106
55 88 105
55 89 100
55 90 99
55 91 97
55 92 113
55 93 96
55 94 92
55 95 91
55 96 96
55 97 104
55 98 97
55 99 100
56 0 100
56 1 94
56 2 104
56 3 89
56 4 98
56 5 105
56 6 101
56 7 95
56 8 102
56 9 95
56 10 110
56 11 107
56 12 94
56 13 94
56 14 101
56 15 106
56 16 99
56 17 101
56 18 102
56 19 98
56 20 105
56 21 93
56 22 107
56 23 93
56 24 108
56 25 99
56 26 95
56 27 101
56 28 102
56 29 89
56 30 100
56 31 96
56 32 101
56 33 95
56 34 96
56 35 105
56 36 96
56 37 95
56 38 100
56 39 100
56 40 96
56 41 104
56 42 102
56 43 105
56 44 98
56 45 108
56 46 95
56 47 99
56 48 113
56 49 103
56 50 102
56 51 90
56 52 99
56 53 96
56 54 107
56 55 97
56 57 92
56 58 98
56 59 99
56 60 94
56 61 100
56 62 100
56 63 93
56 64 97
56 65 102
56 66 105
56 67 99
56 68 106
56 69 98
56 70 102
56 71 99
56 72 98
56 73 84
56 74 106
56 75 103
56 76 95
56 77 101
56 78 95
56 79 98
56 80 90
56 81 98
56 82 98
56 83 96
56 84 96
56 85 101
56 86 106
56 87 100
56 88 92
56 89 101
56 90 98
56 91 98
56 92 103
56 93 100
56 94 101
56 95 101
56 96 102
56 97 101
56 98 98
56 99 97
57 0 98
57 1 98
57 2 101
57 3 106
57 4 94
57 5 101
57 6 102
57 7 98
57 8 94
57 9 98
57 10 101
57 11 101
57 12 95
57 13 107
57 14 101
57 15 100
57 16 94
57 17 100
57 18 94
57 19 102
57 20 103
57 21 106
57 22 102
57 23 102
57 24 103
57 25 99
57 26 98
57 27 104
57 28 94
57 29 100
57 30 109
57 31 96
57 32 102
57 33 105
57 34 101
57 35 94
57 36 97
57 37 102
57 38 100
57 39 93
57 40 104
57 41 98
57 42 92
57 43 97
57 44 94
57 45 101
57 46 104
57 47 106
57 48 84
57 49 97
57 50 113
57 51 105
57 52 95
57 53 106
57 54 103
57 55 97
57 56 105
57 58 91
57 59 94
57 60 104
57 61 102
57 62 94
57 63 102
57 64 100
57 65 99
57 66 101
57 67 101
57 68 95
57 69 89
57 70 89
57 71 96
57 72 99
57 73 104
57 74 99
57 75 98
57 76 99
57 77 100
57 78 105
57 79 98
57 80 96
57 81 104
57 82 100
57 83 100
57 84 96
57 85 96
57 86 96
57 87 94
57 88 113
57 89 94
57 90 95
57 91 108
57 92 107
57 93 104
57 94 104
57 95 102
57 96 101
57 97 89
57 98 101
57 99 102
58 0 98
58 1 103
58 2 100
58 3 95
58 4 105
58 5 105
58 6 95
58 7 106
58 8 90
58 9 92
58 10 106
58 11 105
58 12 93
58 13 103
58 14 106
58 15 97
58 16 89
58 17 99
58 18 93
58 19 104
58 20 95
58 21 101
58 22 104
58 23 98
58 24 85
58 25 97
58 26 98
58 27 107
58 28 100
58 29 95
58 30 95
58 31 93
58 32 92
58 33 101
58 34 98
58 35 96
58 36 95
58 37 97
58 38 97
58 39 99
58 40 100
58 41 98
58 42 109
58 43 92
58 44 101
58 45 103
58 46 98
58 47 95
58 48 106
58 49 98
58 50 103
58 51 95
58 52 98
58 53 106
58 54 107
58 55 105
58 56 105
58 57 96
58 59 103
58 60 93
58 61 94
58 62 99
58 63 104
58 64 105
58 65 95
58 66 105
58 67 103
58 68 106
58 69 100
58 70 98
58 71 94
58 72 102
58 73 103
58 74 100
58 75 96
58 76 94
58 77 102
58 78 96
58 79 94
58 80 104
58 81 103
58 82 97
58 83 96
58 84 97
58 85 94
58 86 105
58 87 96
58 88 93
58 89 103
58 90 92
58 91 99
58 92 104
58 93 99
58 94 96
58 95 105
58 96 102
58 97 94
58 98 100
58 99 97
59 0 94
59 1 99
59 2 99
59 3 95
59 4 98
59 5 106
59 6 95
59 7 92
59 8 111
59 9 105
59 10 96
59 11 94
59 12 104
59 13 103
59 14 96
59 15 97
59 16 97
59 17 90
59 18 100
59 19 108
59 20 100
59 21 101
59 22 94
59 23 98
59 24 100
59 25 96
59 26 96
59 27 95
59 28 100
59 29 102
59 30 98
59 31 105
59 32 96
59 33 100
59 34 103
59 35 103
59 36 98
59 37 99
59 38 102
59 39 99
59 40 109
59 41 97
59 42 103
59 43 108
59 44 95
59 45 100
59 46 91
59 47 101
59 48 92
59 49 100
59 50 97
59 51 102
59 52 88
59 53 101
59 54 92
59 55 102
59 56 94
59 57 101
59 58 100
59 60 101
59 61 99
59 62 100
59 63 105
59 64 101
59 65 106
59 66 103
59 67 103
59 68 100
59 69 107
59 70 94
59 71 103
59 72 98
59 73 97
59 74 100
59 75 97
59 76 99
59 77 100
59 78 106
59 79 101
59 80 86
59 81 107
59 82 102
59 83 99
59 84 99
59 85 100
59 86 97
59 87 101
59 88 103
59 89 98
59 90 101
59 91 98
59 92 96
59 93 94
59 94 98
59 95 106
59 96 101
59 97 100
59 98 98
59 99 97
60 0 101
60 1 101
60 2 100
60 3 100
60 4 97
60 5 98
60 6 107
60 7 94
60 8 104
60 9 101
60 10 101
60 11 97
60 12 104
60 13 105
60 14 97
60 15 108
60 16 108
60 17 101
60 18 99
60 19 100
60 20 103
60 21 101
60 22 98
60 23 95
60 24 92
60 25 100
60 26 99
60 27 110
60 28 100
60 29 93
60 30 92
60 31 98
60 32 102
60 33 100
60 34 111
60 35 96
60 36 99
60 37 96
60 38 100
60 39 108
60 40 90
60 41 104
60 42 96
60 43 105
60 44 101
60 45 101
60 46 108
60 47 118
60 48 97
60 49 94
60 50 105
60 51 101
60 52 101
60 53 103
60 54 99
60 55 97
60 56 106
60 57 97
60 58 99
60 59 96
60 61 104
60 62 103
60 63 98
60 64 104
60 65 94
60 66 90
60 67 101
60 68 99
60 69 98
60 70 87
60 71 108
60 72 100
60 73 100
60 74 98
60 75 110
60 76 105
60 77 99
60 78 101
60 79 104
60 80 96
60 81 99
60 82 96
60 83 94
60 84 97
60 85 96
60 86 100
60 87 105
60 88 92
60 89 96
60 90 101
60 91 102
60 92 109
60 93 97
60 94 98
60 95 100
60 96 95
60 97 103
60 98 98
60 99 101
61 0 90
61 1 98
61 2 91
61 3 109
61 4 101
61 5 109
61 6 97
61 7 101
61 8 98
61 9 100
61 10 109
61 11 99
61 12 103
61 13 104
61 14 98
61 15 100
61 16 95
61 17 103
61 18 96
61 19 111
61 20 102
61 21 99
61 22 100
61 23 97
61 24 103
61 25 95
61 26 104
61 27 91
61 28 105
61 29 103
61 30 115
61 31 101
61 32 99
61 33 107
61 34 101
61 35 105
61 36 96
61 37 97
61 38 95
61 39 102
61 40 98
61 41 100
61 42 100
61 43 90
61 44 101
61 45 103
61 46 105
61 47 110
61 48 100
61 49 96
61 50 107
61 51 102
61 52 111
61 53 106
61 54 84
61 55 101
61 56 94
61 57 97
61 58 99
61 59 102
61 60 102
61 62 94
61 63 94
61 64 98
61 65 102
61 66 94
61 67 96
61 68 100
61 69 93
61 70 102
61 71 102
61 72 101
61 73 90
61 74 97
61 75 113
61 76 104
61 77 91
61 78 97
61 79 100
61 80 111
61 81 105
61 82 89
61 83 106
61 84 106
61 85 92
61 86 98
61 87 101
61 88 102
61 89 100
61 90 101
61 91 106
61 92 90
61 93 107
61 94 89
61 95 96
61 96 99
61 97 100
61 98 92
61 99 99
62 0 104
62 1 99
62 2 94
62 3 103
62 4 88
62 5 108
62 6 89
62 7 108
62 8 108
62 9 101
62 10 102
62 11 105
62 12 94
62 13 97
62 14 97
62 15 97
62 16 103
62 17 95
62 18 91
62 19 106
62 20 100
62 21 106
62 22 108
62 23 101
62 24 105
62 25 105
62 26 96
62 27 104
62 28 95
62 29 103
62 30 103
62 31 95
62 32 96
62 33 99
62 34 101
62 35 101
62 36 98
62 37 102
62 38 93
62 39 98
62 40 101
62 41 105
62 42 99
62 43 101
62 44 103
62 45 98
62 46 92
62 47 104
62 48 99
62 49 93
62 50 101
62 51 97
62 52 96
62 53 92
62 54 100
62 55 109
62 56 100
62 57 96
62 58 97
62 59 102
62 60 93
62 61 100
62 63 86
62 64 94
62 65 94
62 66 101
62 67 102
62 68 99
62 69 103
62 70 103
62 71 102
62 72 99
62 73 104
62 74 98
62 75 100
62 76 96
62 77 91
62 78 103
62 79 104
62 80 107
62 81 100
62 82 100
62 83 96
62 84 92
62 85 90
62 86 100
62 87 109
62 88 93
62 89 98
62 90 88
62 91 95
62 92 104
62 93 100
62 94 102
62 95 95
62 96 97
62 97 105
62 98 98
62 99 109
63 0 95
63 1 97
63 2 99
63 3 100
63 4 96
63 5 94
63 6 90
63 7 105
63 8 102
63 9 99
63 10 101
63 11 98
63 12 103
63 13 101
63 14 102
63 15 104
63 16 98
63 17 89
63 18 110
63 19 97
63 20 95
63 21 91
63 22 95
63 23 102
63 24 94
63 25 109
63 26 97
63 27 108
63 28 99
63 29 94
63 30 100
63 31 97
63 32 95
63 33 104
63 34 105
63 35 100
63 36 101
63 37 107
63 38 91
63 39 104
63 40 109
63 41 102
63 42 101
63 43 101
63 44 98
63 45 100
63 46 103
63 47 98
63 48 104
63 49 96
63 50 100
63 51 103
63 52 100
63 53 90
63 54 101
63 55 99
63 56 103
63 57 101
63 58 94
63 59 92
63 60 108
63 61 104
63 62 94
63 64 94
63 65 95
63 66 100
63 67 106
63 68 105
63 69 110
63 70 105
63 71 100
63 72 87
63 73 98
63 74 108
63 75 101
63 76 98
63 77 101
63 78 101
63 79 105
63 80 100
63 81 108
63 82 94
63 83 93
63 84 103
63 85 94
63 86 102
63 87 96
63 88 99
63 89 102
63 90 100
63 91 88
63 92 100
63 93 99
63 94 91
63 95 98
63 96 96
63 97 92
63 98 97
63 99 92
64 0 96
64 1 103
64 2 98
64 3 105
64 4 104
64 5 99
64 6 111
64 7 93
64 8 103
64 9 105
64 10 100
64 11 92
64 12 97
64 13 103
64 14 102
64 15 95
64 16 93
64 17 99
64 18 91
64 19 99
64 20 94
64 21 91
64 22 103
64 23 103
64 24 104
64 25 97
64 26 104
64 27 96
64 28 94
64 29 99
64 30 96
64 31 100
64 32 95
64 33 104
64 34 106
64 35 100
64 36 101
64 37 104
64 38 92
64 39 102
64 40 95
64 41 98
64 42 98
64 43 96
64 44 105
64 45 99
64 46 104
64 47 102
64 48 101
64 49 114
64 50 101
64 51 91
64 52 103
64 53 98
64 54 99
64 55 99
64 56 101
64 57 103
64 58 106
64 59 97
64 60 100
64 61 96
64 62 98
64 63 100
64 65 103
64 66 106
64 67 104
64 68 97
64 69 97
64 70 100
64 71 94
64 72 99
64 73 101
64 74 94
64 75 88
64 76 93
64 77 105
64 78 98
64 79 114
64 80 100
64 81 100
64 82 99
64 83 104
64 84 98
64 85 102
64 86 99
64 87 107
64 88 104
64 89 100
64 90 94
64 91 101
64 92 102
64 93 107
64 94 95
64 95 98
64 96 100
64 97 96
64 98 109
64 99 97
65 0 100
65 1 97
65 2 106
65 3 102
65 4 101
65 5 97
65 6 109
65 7 102
65 8 102
65 9 99
65 10 109
65 11 98
65 12 96
65 13 99
65 14 92
65 15 99
65 16 102
65 17 97
65 18 89
65 19 102
65 20 98
65 21 102
65 22 97
65 23 100
65 24 104
65 25 104
65 26 103
65 27 105
65 28 98
65 29 105
65 30 98
65 31 98
65 32 94
65 33 107
65 34 101
65 35 96
65 36 108
65 37 98
65 38 96
65 39 100
65 40 92
65 41 100
65 42 94
65 43 102
65 44 104
65 45 98
65 46 101
65 47 90
65 48 109
65 49 104
65 50 96
65 51 99
65 52 95
65 53 101
65 54 93
65 55 92
65 56 89
65 57 96
65 58 99
65 59 99
65 60 119
65 61 103
65 62 103
65 63 102
65 64 95
65 66 93
65 67 100
65 68 94
65 69 105
65 70 94
65 71 104
65 72 105
65 73 98
65 74 98
65 75 98
65 76 99
65 77 96
65 78 88
65 79 101
65 80 97
65 81 110
65 82 99
65 83 92
65 84 104
65 85 102
65 86 107
65 87 105
65 88 93
65 89 101
65 90 97
65 91 99
65 92 96
65 93 102
65 94 98
65 95 103
65 96 96
65 97 97
65 98 102
65 99 96
66 0 96
66 1 96
66 2 90
66 3 103
66 4 104
66 5 104
66 6 99
66 7 103
66 8 101
66 9 106
66 10 98
66 11 107
66 12 106
66 13 99
66 14 108
66 15 108
66 16 104
66 17 97
66 18 104
66 19 95
66 20 101
66 21 97
66 22 99
66 23 112
66 24 98
66 25 106
66 26 100
66 27 104
66 28 106
66 29 92
66 30 103
66 31 101
66 32 102
66 33 96
66 34 94
66 35 92
66 36 97
66 37 101
66 38 100
66 39 91
66 40 103
66 41 103
66 42 94
66 43 98
66 44 101
66 45 108
66 46 93
66 47 99
66 48 105
66 49 101
66 50 106
66 51 92
66 52 100
66 53 98
66 54 98
66 55 96
66 56 96
66 57 103
66 58 104
66 59 108
66 60 98
66 61 94
66 62 95
66 63 96
66 64 96
66 65 97
66 67 92
66 68 101
66 69 100
66 70 102
66 71 95
66 72 101
66 73 93
66 74 109
66 75 101
66 76 103
66 77 94
66 78 100
66 79 102
66 80 98
66 81 107
66 82 101
66 83 97
66 84 105
66 85 97
66 86 96
66 87 103
66 88 107
66 89 111
66 90 100
66 91 98
66 92 100
66 93 101
66 94 98
66 95 101
66 96 100
66 97 106
66 98 100
66 99 98
67 0 106
67 1 96
67 2 106
67 3 90
67 4 96
67 5 100
67 6 104
67 7 107
67 8 104
67 9 101
67 10 92
67 11 104
67 12 95
67 13 103
67 14 102
67 15 102
67 16 102
67 17 102
67 18 93
67 19 94
67 20 99
67 21 107
67 22 85
67 23 96
67 24 105
67 25 91
67 26 101
67 27 101
67 28 96
67 29 105
67 30 108
67 31 103
67 32 94
67 33 108
67 34 100
67 35 96
67 36 98
67 37 94
67 38 97
67 39 96
67 40 96
67 41 94
67 42 100
67 43 94
67 44 95
67 45 99
67 46 102
67 47 102
67 48 100
67 49 102
67 50 101
67 51 111
67 52 105
67 53 89
67 54 99
67 55 90
67 56 102
67 57 107
67 58 100
67 59 98
67 60 102
67 61 108
67 62 94
67 63 101
67 64 92
67 65 95
67 66 98
67 68 106
67 69 105
67 70 98
67 71 98
67 72 104
67 73 98
67 74 106
67 75 102
67 76 97
67 77 98
67 78 95
67 79 95
67 80 100
67 81 95
67 82 95
67 83 106
67 84 101
67 85 99
67 86 89
67 87 103
67 88 98
67 89 107
67 90 100
67 91 93
67 92 97
67 93 93
67 94 101
67 95 97
67 96 99
67 97 88
67 98 99
67 99 99
68 0 104
68 1 100
68 2 96
68 3 98
68 4 94
68 5 105
68 6 100
68 7 105
68 8 104
68 9 97
68 10 98
68 11 99
68 12 99
68 13 99
68 14 100
68 15 100
68 16 94
68 17 95
68 18 99
68 19 99
68 20 96
68 21 99
68 22 106
68 23 98
68 24 99
68 25 102
68 26 96
68 27 109
68 28 108
68 29 93
68 30 101
68 31 107
68 32 104
68 33 101
68 34 97
68 35 94
68 36 98
68 37 99
68 38 104
68 39 94
68 40 92
68 41 93
68 42 100
68 43 95
68 44 97
68 45 91
68 46 102
68 47 99
68 48 94
68 49 97
68 50 98
68 51 102
68 52 102
68 53 98
68 54 102
68 55 108
68 56 97
68 57 102
68 58 102
68 59 101
68 60 92
68 61 86
68 62 97
68 63 104
68 64 92
68 65 95
68 66 106
68 67 98
68 69 100
68 70 105
68 71 97
68 72 92
68 73 103
68 74 96
68 75 102
68 76 100
68 77 99
68 78 102
68 79 100
68 80 104
68 81 103
68 82 102
68 83 97
68 84 102
68 85 104
68 86 106
68 87 100
68 88 100
68 89 99
68 90 106
68 91 95
68 92 107
68 93 91
68 94 92
68 95 96
68 96 93
68 97 98
68 98 100
68 99 109
69 0 101
69 1 100
69 2 104
69 3 102
69 4 102
69 5 97
69 6 91
69 7 98
69 8 100
69 9 111
69 10 97
69 11 99
69 12 96
69 13 95
69 14 98
69 15 103
69 16 103
69 17 94
69 18 106
69 19 95
69 20 100
69 21 93
69 22 104
69 23 97
69 24 105
69 25 94
69 26 96
69 27 85
69 28 93
69 29 102
69 30 100
69 31 104
69 32 105
69 33 96
69 34 106
69 35 97
69 36 100
69 37 89
69 38 105
69 39 112
69 40 92
69 41 100
69 42 90
69 43 91
69 44 97
69 45 91
69 46 95
69 47 106
69 48 108
69 49 100
69 50 100
69 51 97
69 52 101
69 53 96
69 54 105
69 55 103
69 56 98
69 57 94
69 58 102
69 59 96
69 60 103
69 61 98
69 62 98
69 63 100
69 64 105
69 65 93
69 66 102
69 67 102
69 68 98
69 70 96
69 71 97
69 72 108
69 73 96
69 74 99
69 75 107
69 76 99
69 77 96
69 78 105
69 79 103
69 80 94
69 81 101
69 82 105
69 83 102
69 84 104
69 85 109
69 86 99
69 87 111
69 88 88
69 89 102
69 90 102
69 91 101
69 92 102
69 93 103
69 94 108
69 95 101
69 96 102
69 97 101
69 98 102
69 99 108
70 0 98
70 1 105
70 2 98
70 3 111
70 4 96
70 5 101
70 6 92
70 7 109
70 8 104
70 9 100
70 10 97
70 11 104
70 12 99
70 13 90
70 14 103
70 15 98
70 16 97
70 17 106
70 18 103
70 19 102
70 20 103
70 21 100
70 22 91
70 23 109
70 24 109
70 25 105
70 26 105
70 27 96
70 28 91
70 29 94
70 30 96
70 31 89
70 32 103
70 33 93
70 34 101
70 35 107
70 36 100
70 37 106
70 38 97
70 39 98
70 40 101
70 41 107
70 42 98
70 43 106
70 44 98
70 45 96
70 46 95
70 47 106
70 48 110
70 49 107
70 50 96
70 51 110
70 52 107
70 53 101
70 54 96
70 55 102
70 56 98
70 57 105
70 58 101
70 59 107
70 60 93
70 61 97
70 62 100
70 63 104
70 64 101
70 65 99
70 66 101
70 67 100
70 68 105
70 69 106
70 71 98
70 72 108
70 73 107
70 74 106
70 75 103
70 76 110
70 77 98
70 78 96
70 79 104
70 80 102
70 81 108
70 82 106
70 83 103
70 84 93
70 85 101
70 86 107
70 87 101
70 88 92
70 89 98
70 90 101
70 91 106
70 92 98
70 93 94
70 94 97
70 95 96
70 96 97
70 97 100
70 98 97
70 99 102
71 0 105
71 1 97
71 2 98
71 3 97
71 4 101
71 5 97
71 6 102
71 7 92
71 8 96
71 9 105
71 10 104
71 11 93
71 12 90
71 13 108
71 14 99
71 15 102
71 16 97
71 17 94
71 18 101
71 19 95
71 20 101
71 21 95
71 22 103
71 23 101
71 24 99
71 25 103
71 26 100
71 27 102
71 28 107
71 29 104
71 30 110
71 31 101
71 32 98
71 33 97
71 34 103
71 35 102
71 36 104
71 37 94
71 38 101
71 39 99
71 40 107
71 41 103
71 42 107
71 43 103
71 44 98
71 45 95
71 46 106
71 47 103
71 48 102
71 49 96
71 50 109
71 51 103
71 52 105
71 53 94
71 54 106
71 55 101
71 56 104
71 57 99
71 58 108
71 59 105
71 60 100
71 61 103
71 62 101
71 63 100
71 64 104
71 65 110
71 66 104
71 67 91
71 68 94
71 69 97
71 70 99
71 72 102
71 73 103
71 74 99
71 75 92
71 76 98
71 77 87
71 78 108
71 79 101
71 80 94
71 81 102
71 82 88
71 83 99
71 84 102
71 85 104
71 86 89
71 87 103
71 88 104
71 89 99
71 90 105
71 91 103
71 92 104
71 93 105
71 94 97
71 95 103
71 96 102
71 97 94
71 98 109
71 99 94
72 0 104
72 1 103
72 2 103
72 3 102
72 4 106
72 5 102
72 6 104
72 7 109
72 8 107
72 9 111
72 10 98
72 11 102
72 12 100
72 13 96
72 14 100
72 15 103
72 16 97
72 17 95
72 18 105
72 19 103
72 20 98
72 21 92
72 22 99
72 23 92
72 24 106
72 25 103
72 26 103
72 27 104
72 28 93
72 29 101
72 30 110
72 31 101
72 32 97
72 33 106
72 34 97
72 35 98
72 36 106
72 37 100
72 38 105
72 39 106
72 40 105
72 41 104
72 42 102
72 43 98
72 44 97
72 45 100
72 46 107
72 47 99
72 48 91
72 49 104
72 50 102
72 51 105
72 52 98
72 53 106
72 54 103
72 55 101
72 56 99
72 57 94
72 58 96
72 59 104
72 60 101
72 61 103
72 62 93
72 63 105
72 64 101
72 65 109
72 66 105
72 67 98
72 68 92
72 69 111
72 70 104
72 71 103
72 73 99
72 74 96
72 75 109
72 76 99
72 77 90
72 78 98
72 79 101
72 80 105
72 81 108
72 82 108
72 83 105
72 84 102
72 85 111
72 86 108
72 87 92
72 88 97
72 89 93
72 90 99
72 91 100
72 92 101
72 93 97
72 94 105
72 95 100
72 96 97
72 97 103
72 98 98
72 99 104
73 0 107
73 1 103
73 2 94
73 3 100
73 4 92
73 5 96
73 6 96
73 7 96
73 8 102
73 9 103
73 10 107
73 11 101
73 12 95
73 13 92
73 14 97
73 15 101
73 16 100
73 17 103
73 18 98
73 19 105
73 20 103
73 21 98
73 22 99
73 23 104
73 24 103
73 25 103
73 26 101
73 27 103
73 28 99
73 29 98
73 30 104
73 31 93
73 32 97
73 33 105
73 34 100
73 35 101
73 36 103
73 37 100
73 38 104
73 39 107
73 40 91
73 41 100
73 42 86
73 43 100
73 44 97
73 45 101
73 46 94
73 47 103
73 48 98
73 49 98
73 50 95
73 51 96
73 52 99
73 53 107
73 54 97
73 55 101
73 56 102
73 57 94
73 58 94
73 59 95
73 60 100
73 61 101
73 62 96
73 63 104
73 64 97
73 65 104
73 66 95
73 67 95
73 68 96
73 69 110
73 70 96
73 71 99
73 72 109
73 74 97
73 75 94
73 76 99
73 77 98
73 78 98
73 79 101
73 80 106
73 81 107
73 82 93
73 83 96
73 84 94
73 85 102
73 86 106
73 87 104
73 88 96
73 89 103
73 90 108
73 91 96
73 92 90
73 93 108
73 94 104
73 95 94
73 96 91
73 97 100
73 98 111
73 99 93
74 0 94
74 1 96
74 2 103
74 3 100
74 4 103
74 5 103
74 6 104
74 7 93
74 8 113
74 9 101
74 10 97
74 11 97
74 12 95
74 13 104
74 14 99
74 15 98
74 16 105
74 17 99
74 18 106
74 19 100
74 20 101
74 21 97
74 22 100
74 23 109
74 24 104
74 25 111
74 26 108
74 27 108
74 28 104
74 29 103
74 30 90
74 31 93
74 32 103
74 33 107
74 34 110
74 35 98
74 36 100
74 37 106
74 38 102
74 39 100
74 40 101
74 41 104
74 42 98
74 43 106
74 44 102
74 45 96
74 46 102
74 47 114
74 48 97
74 49 92
74 50 93
74 51 99
74 52 96
74 53 91
74 54 103
74 55 105
74 56 96
74 57 97
74 58 97
74 59 101
74 60 105
74 61 98
74 62 99
74 63 102
74 64 98
74 65 105
74 66 107
74 67 99
74 68 99
74 69 104
74 70 97
74 71 97
74 72 95
74 73 100
74 75 97
74 76 97
74 77 102
74 78 112
74 79 98
74 80 101
74 81 102
74 82 95
74 83 98
74 84 90
74 85 101
74 86 96
74 87 99
74 88 103
74 89 94
74 90 98
74 91 97
74 92 101
74 93 101
74 94 96
74 95 101
74 96 98
74 97 95
74 98 98
74 99 103
75 0 98
75 1 94
75 2 99
75 3 98
75 4 109
75 5 97
75 6 104
75 7 109
75 8 103
75 9 92
75 10 103
75 11 103
75 12 96
75 13 97
75 14 100
75 15 104
75 16 105
75 17 101
75 18 105
75 19 103
75 20 103
75 21 105
75 22 89
75 23 103
75 24 97
75 25 103
75 26 93
75 27 97
75 28 104
75 29 100
75 30 97
75 31 108
75 32 101
75 33 102
75 34 99
75 35 95
75 36 99
75 37 92
75 38 95
75 39 99
75 40 101
75 41 98
75 42 98
75 43 102
75 44 99
75 45 98
75 46 104
75 47 104
75 48 105
75 49 106
75 50 101
75 51 98
75 52 91
75 53 96
75 54 99
75 55 107
75 56 106
75 57 95
75 58 100
75 59 95
75 60 101
75 61 97
75 62 99
75 63 97
75 64 101
75 65 108
75 66 97
75 67 106
75 68 103
75 69 98
75 70 101
75 71 102
75 72 103
75 73 108
75 74 104
75 76 106
75 77 110
75 78 101
75 79 100
75 80 101
75 81 102
75 82 93
75 83 110
75 84 105
75 85 105
75 86 101
75 87 104
75 88 102
75 89 91
75 90 92
75 91 99
75 92 100
75 93 99
75 94 100
75 95 101
75 96 105
75 97 103
75 98 103
75 99 102
76 0 98
76 1 91
76 2 100
76 3 97
76 4 105
76 5 97
76 6 93
76 7 95
76 8 102
76 9 100
76 10 97
76 11 101
76 12 98
76 13 94
76 14 105
76 15 91
76 16 99
76 17 101
76 18 102
76 19 102
76 20 102
76 21 94
76 22 102
76 23 105
76 24 104
76 25 102
76 26 107
76 27 97
76 28 104
76 29 96
76 30 102
76 31 101
76 32 93
76 33 104
76 34 101
76 35 100
76 36 101
76 37 107
76 38 94
76 39 104
76 40 88
76 41 102
76 42 102
76 43 96
76 44 103
76 45 105
76 46 107
76 47 105
76 48 98
76 49 94
76 50 105
76 51 107
76 52 93
76 53 89
76 54 103
76 55 98
76 56 95
76 57 97
76 58 92
76 59 101
76 60 101
76 61 97
76 62 102
76 63 103
76 64 94
76 65 100
76 66 103
76 67 102
76 68 110
76 69 104
76 70 104
76 71 105
76 72 93
76 73 94
76 74 95
76 75 108
76 77 99
76 78 105
76 79 93
76 80 104
76 81 94
76 82 96
76 83 104
76 84 101
76 85 108
76 86 102
76 87 94
76 88 99
76 89 93
76 90 103
76 91 95
76 92 100
76 93 92
76 94 102
76 95 98
76 96 98
76 97 111
76 98 107
76 99 92
77 0 99
77 1 92
77 2 96
77 3 105
77 4 91
77 5 105
77 6 92
77 7 99
77 8 100
77 9 107
77 10 95
77 11 94
77 12 99
77 13 97
77 14 93
77 15 91
77 16 106
77 17 103
77 18 99
77 19 99
77 20 102
77 21 104
77 22 102
77 23 103
77 24 97
77 25 94
77 26 102
77 27 106
77 28 95
77 29 95
77 30 103
77 31 103
77 32 99
77 33 95
77 34 96
77 35 100
77 36 104
77 37 106
77 38 98
77 39 98
77 40 95
77 41 99
77 42 96
77 43 96
77 44 97
77 45 106
77 46 94
77 47 84
77 48 102
77 49 100
77 50 104
77 51 111
77 52 114
77 53 109
77 54 109
77 55 99
77 56 99
77 57 108
77 58 102
77 59 102
77 60 105
77 61 96
77 62 101
77 63 101
77 64 101
77 65 91
77 66 91
77 67 92
77 68 102
77 69 99
77 70 92
77 71 104
77 72 99
77 73 102
77 74 102
77 75 92
77 76 104
77 78 98
77 79 106
77 80 98
77 81 103
77 82 97
77 83 97
77 84 94
77 85 101
77 86 94
77 87 104
77 88 112
77 89 106
77 90 96
77 91 92
77 92 105
77 93 100
77 94 97
77 95 100
77 96 95
77 97 107
77 98 95
77 99 99
78 0 99
78 1 101
78 2 96
78 3 104
78 4 96
78 5 103
78 6 97
78 7 106
78 8 101
78 9 103
78 10 96
78 11 93
78 12 98
78 13 97
78 14 104
78 15 102
78 16 102
78 17 97
78 18 97
78 19 96
78 20 95
78 21 107
78 22 96
78 23 105
78 24 94
78 25 108
78 26 95
78 27 110
78 28 102
78 29 111
78 30 106
78 31 96
78 32 106
78 33 100
78 34 98
78 35 99
78 36 95
78 37 92
78 38 117
78 39 106
78 40 107
78 41 100
78 42 95
78 43 92
78 44 100
78 45 102
78 46 109
78 47 114
78 48 99
78 49 98
78 50 99
78 51 91
78 52 102
78 53 103
78 54 111
78 55 96
78 56 93
78 57 112
78 58 104
78 59 93
78 60 99
78 61 103
78 62 101
78 63 93
78 64 103
78 65 106
78 66 106
78 67 111
78 68 100
78 69 98
78 70 89
78 71 101
78 72 108
78 73 87
78 74 105
78 75 89
78 76 107
78 77 97
78 79 98
78 80 107
78 81 92
78 82 96
78 83 100
78 84 100
78 85 108
78 86 100
78 87 104
78 88 102
78 89 105
78 90 113
78 91 101
78 92 94
78 93 101
78 94 101
78 95 105
78 96 110
78 97 104
78 98 99
78 99 104
79 0 98
79 1 98
79 2 103
79 3 95
79 4 95
79 5 100
79 6 105
79 7 100
79 8 98
79 9 103
79 10 108
79 11 100
79 12 95
79 13 107
79 14 111
79 15 107
79 16 99
79 17 92
79 18 103
79 19 98
79 20 101
79 21 109
79 22 97
79 23 92
79 24 97
79 25 100
79 26 95
79 27 94
79 28 94
79 29 98
79 30 86
79 31 101
79 32 106
79 33 103
79 34 109
79 35 97
79 36 105
79 37 107
79 38 98
79 39 86
79 40 99
79 41 99
79 42 98
79 43 101
79 44 102
79 45 98
79 46 100
79 47 101
79 48 88
79 49 97
79 50 101
79 51 102
79 52 101
79 53 97
79 54 108
79 55 99
79 56 102
79 57 100
79 58 99
79 59 103
79 60 100
79 61 93
79 62 98
79 63 102
79 64 103
79 65 106
79 66 99
79 67 100
79 68 97
79 69 92
79 70 99
79 71 96
79 72 105
79 73 104
79 74 99
79 75 112
79 76 100
79 77 102
79 78 101
79 80 105
79 81 98
79 82 99
79 83 100
79 84 95
79 85 93
79 86 95
79 87 97
79 88 104
79 89 88
79 90 100
79 91 97
79 92 97
79 93 105
79 94 91
79 95 100
79 96 102
79 97 93
79 98 96
79 99 92
80 0 89
80 1 98
80 2 95
80 3 108
80 4 106
80 5 102
80 6 100
80 7 94
80 8 88
80 9 100
80 10 98
80 11 100
80 12 96
80 13 102
80 14 94
80 15 100
80 16 95
80 17 100
80 18 106
80 19 105
80 20 100
80 21 107
80 22 92
80 23 97
80 24 100
80 25 104
80 26 95
80 27 106
80 28 106
80 29 99
80 30 97
80 31 100
80 32 101
80 33 95
80 34 111
80 35 99
80 36 98
80 37 118
80 38 103
80 39 103
80 40 98
80 41 108
80 42 100
80 43 97
80 44 95
80 45 94
80 46 95
80 47 90
80 48 102
80 49 108
80 50 101
80 51 96
80 52 112
80 53 91
80 54 103
80 55 103
80 56 100
80 57 104
80 58 94
80 59 100
80 60 95
80 61 103
80 62 110
80 63 93
80 64 107
80 65 106
80 66 104
80 67 102
80 68 109
80 69 99
80 70 101
80 71 98
80 72 103
80 73 97
80 74 92
80 75 92
80 76 97
80 77 93
80 78 90
80 79 98
80 81 94
80 82 93
80 83 95
80 84 103
80 85 104
80 86 95
80 87 100
80 88 98
80 89 97
80 90 100
80 91 99
80 92 102
80 93 93
80 94 103
80 95 95
80 96 96
80 97 105
80 98 105
80 99 106
81 0 89
81 1 105
81 2 104
81 3 96
81 4 102
81 5 103
81 6 106
81 7 95
81 8 100
81 9 94
81 10 107
81 11 103
81 12 101
81 13 96
81 14 104
81 15 109
81 16 100
81 17 86
81 18 94
81 19 98
81 20 112
81 21 106
81 22 98
81 23 99
81 24 99
81 25 98
81 26 97
81 27 100
81 28 99
81 29 95
81 30 98
81 31 93
81 32 95
81 33 110
81 34 102
81 35 99
81 36 98
81 37 101
81 38 102
81 39 96
81 40 100
81 41 107
81 42 111
81 43 107
81 44 101
81 45 109
81 46 108
81 47 97
81 48 110
81 49 98
81 50 112
81 51 104
81 52 92
81 53 97
81 54 114
81 55 98
81 56 88
81 57 90
81 58 94
81 59 93
81 60 92
81 61 96
81 62 102
81 63 105
81 64 94
81 65 95
81 66 108
81 67 102
81 68 109
81 69 93
81 70 100
81 71 98
81 72 97
81 73 99
81 74 99
81 75 98
81 76 104
81 77 100
81 78 106
81 79 98
81 80 99
81 82 106
81 83 94
81 84 99
81 85 104
81 86 98
81 87 113
81 88 109
81 89 91
81 90 96
81 91 103
81 92 104
81 93 94
81 94 93
81 95 104
81 96 103
81 97 106
81 98 96
81 99 92
82 0 99
82 1 104
82 2 95
82 3 98
82 4 95
82 5 102
82 6 93
82 7 98
82 8 100
82 9 94
82 10 91
82 11 95
82 12 100
82 13 98
82 14 96
82 15 95
82 16 109
82 17 95
82 18 115
82 19 96
82 20 92
82 21 101
82 22 103
82 23 97
82 24 95
82 25 89
82 26 97
82 27 102
82 28 98
82 29 103
82 30 94
82 31 96
82 32 109
82 33 98
82 34 89
82 35 102
82 36 99
82 37 105
82 38 99
82 39 105
82 40 96
82 41 97
82 42 103
82 43 103
82 44 97
82 45 100
82 46 96
82 47 103
82 48 95
82 49 109
82 50 101
82 51 99
82 52 97
82 53 96
82 54 100
82 55 90
82 56 93
82 57 104
82 58 99
82 59 98
82 60 99
82 61 104
82 62 98
82 63 102
82 64 109
82 65 102
82 66 98
82 67 103
82 68 96
82 69 86
82 70 97
82 71 103
82 72 97
82 73 88
82 74 100
82 75 98
82 76 99
82 77 97
82 78 99
82 79 103
82 80 114
82 81 109
82 83 100
82 84 109
82 85 99
82 86 100
82 87 104
82 88 103
82 89 101
82 90 89
82 91 92
82 92 100
82 93 100
82 94 101
82 95 96
82 96 95
82 97 95
82 98 96
82 99 101
83 0 93
83 1 97
83 2 109
83 3 101
83 4 109
83 5 102
83 6 107
83 7 100
83 8 96
83 9 91
83 10 100
83 11 100
83 12 103
83 13 97
83 14 102
83 15 102
83 16 107
83 17 104
83 18 94
83 19 110
83 20 103
83 21 100
83 22 96
83 23 104
83 24 99
83 25 94
83 26 100
83 27 95
83 28 105
83 29 98
83 30 106
83 31 100
83 32 100
83 33 96
83 34 103
83 35 96
83 36 100
83 37 104
83 38 100
83 39 91
83 40 105
83 41 98
83 42 105
83 43 106
83 44 110
83 45 99
83 46 91
83 47 102
83 48 92
83 49 96
83 50 114
83 51 98
83 52 95
83 53 99
83 54 99
83 55 100
83 56 96
83 57 105
83 58 97
83 59 92
83 60 98
83 61 105
83 62 105
83 63 96
83 64 94
83 65 99
83 66 104
83 67 99
83 68 95
83 69 93
83 70 100
83 71 101
83 72 108
83 73 96
83 74 86
83 75 99
83 76 98
83 77 98
83 78 100
83 79 100
83 80 96
83 81 95
83 82 92
83 84 98
83 85 102
83 86 89
83 87 104
83 88 101
83 89 94
83 90 103
83 91 107
83 92 103
83 93 93
83 94 103
83 95 93
83 96 98
83 97 92
83 98 107
83 99 104
84 0 97
84 1 94
84 2 99
84 3 94
84 4 98
84 5 99
84 6 94
84 7 99
84 8 88
84 9 94
84 10 110
84 11 101
84 12 91
84 13 109
84 14 97
84 15 95
84 16 106
84 17 100
84 18 98
84 19 99
84 20 102
84 21 108
84 22 96
84 23 100
84 24 99
84 25 99
84 26 95
84 27 102
84 28 94
84 29 95
84 30 100
84 31 103
84 32 102
84 33 97
84 34 97
84 35 92
84 36 90
84 37 101
84 38 107
84 39 94
84 40 97
84 41 99
84 42 90
84 43 94
84 44 97
84 45 102
84 46 96
84 47 99
84 48 109
84 49 101
84 50 100
84 51 103
84 52 111
84 53 94
84 54 103
84 55 106
84 56 103
84 57 109
84 58 97
84 59 100
84 60 103
84 61 90
84 62 102
84 63 97
84 64 105
84 65 97
84 66 94
84 67 108
84 68 95
84 69 95
84 70 98
84 71 97
84 72 103
84 73 99
84 74 100
84 75 98
84 76 110
84 77 97
84 78 91
84 79 99
84 80 90
84 81 99
84 82 97
84 83 96
84 85 100
84 86 104
84 87 95
84 88 104
84 89 96
84 90 111
84 91 110
84 92 107
84 93 98
84 94 105
84 95 102
84 96 93
84 97 93
84 98 99
84 99 102
85 0 107
85 1 106
85 2 97
85 3 92
85 4 99
85 5 100
85 6 98
85 7 99
85 8 99
85 9 97
85 10 105
85 11 93
85 12 94
85 13 100
85 14 101
85 15 101
85 16 103
85 17 101
85 18 106
85 19 100
85 20 104
85 21 103
85 22 103
85 23 107
85 24 105
85 25 96
85 26 107
85 27 93
85 28 93
85 29 102
85 30 97
85 31 101
85 32 106
85 33 107
85 34 103
85 35 99
85 36 95
85 37 97
85 38 103
85 39 99
85 40 102
85 41 98
85 42 100
85 43 103
85 44 107
85 45 105
85 46 100
85 47 102
85 48 109
85 49 102
85 50 89
85 51 97
85 52 107
85 53 98
85 54 101
85 55 97
85 56 98
85 57 102
85 58 105
85 59 102
85 60 92
85 61 97
85 62 99
85 63 109
85 64 99
85 65 100
85 66 101
85 67 104
85 68 105
85 69 99
85 70 107
85 71 111
85 72 95
85 73 98
85 74 95
85 75 104
85 76 95
85 77 99
85 78 100
85 79 102
85 80 106
85 81 101
85 82 100
85 83 99
85 84 97
85 86 98
85 87 106
85 88 101
85 89 103
85 90 106
85 91 91
85 92 103
85 93 97
85 94 99
85 95 104
85 96 103
85 97 105
85 98 98
85 99 102
86 0 104
86 1 99
86 2 90
86 3 111
86 4 108
86 5 100
86 6 100
86 7 97
86 8 100
86 9 100
86 10 100
86 11 101
86 12 100
86 13 101
86 14 105
86 15 100
86 16 94
86 17 98
86 18 89
86 19 96
86 20 98
86 21 102
86 22 92
86 23 100
86 24 94
86 25 99
86 26 101
86 27 97
86 28 95
86 29 99
86 30 95
86 31 105
86 32 105
86 33 102
86 34 108
86 35 101
86 36 101
86 37 108
86 38 101
86 39 101
86 40 107
86 41 103
86 42 99
86 43 99
86 44 100
86 45 101
86 46 98
86 47 99
86 48 97
86 49 107
86 50 100
86 51 100
86 52 95
86 53 102
86 54 105
86 55 110
86 56 93
86 57 94
86 58 103
86 59 102
86 60 103
86 61 99
86 62 108
86 63 98
86 64 107
86 65 94
86 66 99
86 67 90
86 68 110
86 69 101
86 70 97
86 71 103
86 72 109
86 73 96
86 74 108
86 75 101
86 76 101
86 77 100
86 78 106
86 79 94
86 80 98
86 81 105
86 82 93
86 83 99
86 84 96
86 85 96
86 87 102
86 88 95
86 89 93
86 90 103
86 91 103
86 92 104
86 93 107
86 94 94
86 95 103
86 96 98
86 97 100
86 98 89
86 99 96
87 0 86
87 1 95
87 2 98
87 3 98
87 4 96
87 5 108
87 6 96
87 7 99
87 8 88
87 9 93
87 10 97
87 11 103
87 12 102
87 13 102
87 14 96
87 15 100
87 16 96
87 17 100
87 18 107
87 19 102
87 20 96
87 21 100
87 22 99
87 23 102
87 24 98
87 25 100
87 26 97
87 27 107
87 28 107
87 29 99
87 30 99
87 31 91
87 32 102
87 33 100
87 34 97
87 35 103
87 36 96
87 37 103
87 38 105
87 39 98
87 40 104
87 41 93
87 42 94
87 43 98
87 44 97
87 45 100
87 46 97
87 47 95
87 48 100
87 49 90
87 50 92
87 51 101
87 52 94
87 53 99
87 54 101
87 55 102
87 56 106
87 57 98
87 58 104
87 59 97
87 60 98
87 61 96
87 62 87
87 63 97
87 64 99
87 65 102
87 66 103
87 67 104
87 68 100
87 69 110
87 70 99
87 71 102
87 72 97
87 73 93
87 74 97
87 75 103
87 76 91
87 77 98
87 78 102
87 79 109
87 80 105
87 81 108
87 82 107
87 83 94
87 84 98
87 85 92
87 86 106
87 88 103
87 89 102
87 90 102
87 91 105
87 92 94
87 93 101
87 94 107
87 95 106
87 96 96
87 97 105
87 98 94
87 99 92
88 0 93
88 1 110
88 2 88
88 3 111
88 4 100
88 5 98
88 6 93
88 7 97
88 8 102
88 9 94
88 10 102
88 11 91
88 12 109
88 13 91
88 14 100
88 15 102
88 16 102
88 17 110
88 18 97
88 19 95
88 20 102
88 21 88
88 22 88
88 23 93
88 24 95
88 25 95
88 26 103
88 27 92
88 28 104
88 29 101
88 30 101
88 31 101
88 32 102
88 33 100
88 34 96
88 35 101
88 36 94
88 37 107
88 38 93
88 39 100
88 40 94
88 41 96
88 42 109
88 43 103
88 44 106
88 45 98
88 46 100
88 47 97
88 48 101
88 49 96
88 50 109
88 51 97
88 52 99
88 53 92
88 54 97
88 55 101
88 56 100
88 57 107
88 58 97
88 59 94
88 60 101
88 61 98
88 62 104
88 63 98
88 64 105
88 65 103
88 66 109
88 67 99
88 68 98
88 69 107
88 70 97
88 71 98
88 72 97
88 73 101
88 74 94
88 75 95
88 76 94
88 77 99
88 78 100
88 79 97
88 80 107
88 81 101
88 82 96
88 83 96
88 84 101
88 85 102
88 86 100
88 87 97
88 89 106
88 90 109
88 91 106
88 92 95
88 93 100
88 94 97
88 95 92
88 96 97
88 97 95
88 98 100
88 99 97
89 0 89
89 1 97
89 2 98
89 3 93
89 4 101
89 5 107
89 6 98
89 7 97
89 8 101
89 9 90
89 10 95
89 11 103
89 12 101
89 13 99
89 14 104
89 15 99
89 16 105
89 17 102
89 18 100
89 19 101
89 20 96
89 21 96
89 22 85
89 23 107
89 24 97
89 25 106
89 26 100
89 27 107
89 28 99
89 29 101
89 30 97
89 31 98
89 32 101
89 33 102
89 34 103
89 35 100
89 36 98
89 37 93
89 38 100
89 39 104
89 40 99
89 41 104
89 42 97
89 43 95
89 44 110
89 45 105
89 46 106
89 47 91
89 48 105
89 49 96
89 50 100
89 51 100
89 52 105
89 53 101
89 54 105
89 55 100
89 56 107
89 57 104
89 58 108
89 59 103
89 60 101
89 61 95
89 62 108
89 63 89
89 64 96
89 65 97
89 66 92
89 67 110
89 68 93
89 69 105
89 70 101
89 71 105
89 72 101
89 73 104
89 74 103
89 75 95
89 76 92
89 77 93
89 78 92
89 79 103
89 80 113
89 81 101
89 82 98
89 83 106
89 84 102
89 85 104
89 86 99
89 87 83
89 88 98
89 90 101
89 91 91
89 92 101
89 93 110
89 94 107
89 95 101
89 96 96
89 97 98
89 98 91
89 99 110
90 0 100
90 1 89
90 2 103
90 3 90
90 4 84
90 5 95
90 6 98
90 7 99
90 8 103
90 9 93
90 10 98
90 11 94
90 12 97
90 13 96
90 14 91
90 15 104
90 16 100
90 17 107
90 18 108
90 19 105
90 20 89
90 21 104
90 22 99
90 23 102
90 24 104
90 25 96
90 26 97
90 27 101
90 28 95
90 29 97
90 30 96
90 31 95
90 32 105
90 33 107
90 34 100
90 35 98
90 36 104
90 37 99
90 38 106
90 39 106
90 40 103
90 41 104
90 42 95
90 43 99
90 44 93
90 45 96
90 46 101
90 47 101
90 48 96
90 49 103
90 50 95
90 51 104
90 52 105
90 53 102
90 54 108
90 55 101
90 56 103
90 57 110
90 58 96
90 59 102
90 60 90
90 61 100
90 62 104
90 63 90
90 64 98
90 65 101
90 66 94
90 67 95
90 68 97
90 69 105
90 70 100
90 71 102
90 72 98
90 73 107
90 74 102
90 75 100
90 76 100
90 77 112
90 78 98
90 79 104
90 80 102
90 81 97
90 82 101
90 83 103
90 84 100
90 85 103
90 86 104
90 87 103
90 88 97
90 89 97
90 91 102
90 92 96
90 93 97
90 94 103
90 95 106
90 96 99
90 97 105
90 98 101
90 99 94
91 0 105
91 1 100
91 2 96
91 3 98
91 4 100
91 5 95
91 6 99
91 7 93
91 8 98
91 9 99
91 10 103
91 11 103
91 12 101
91 13 96
91 14 99
91 15 99
91 16 97
91 17 100
91 18 95
91 19 97
91 20 109
91 21 97
91 22 102
91 23 102
91 24 97
91 25 94
91 26 100
91 27 99
91 28 103
91 29 105
91 30 107
91 31 102
91 32 96
91 33 102
91 34 104
91 35 106
91 36 96
91 37 96
91 38 99
91 39 103
91 40 94
91 41 103
91 42 102
91 43 96
91 44 96
91 45 95
91 46 93
91 47 94
91 48 102
91 49 113
91 50 105
91 51 101
91 52 100
91 53 100
91 54 106
91 55 104
91 56 99
91 57 108
91 58 104
91 59 97
91 60 104
91 61 93
91 62 101
91 63 104
91 64 99
91 65 96
91 66 105
91 67 100
91 68 93
91 69 89
91 70 106
91 71 92
91 72 105
91 73 102
91 74 88
91 75 97
91 76 99
91 77 94
91 78 116
91 79 100
91 80 95
91 81 98
91 82 100
91 83 98
91 84 96
91 85 93
91 86 97
91 87 97
91 88 104
91 89 105
91 90 91
91 92 107
91 93 102
91 94 93
91 95 105
91 96 94
91 97 101
91 98 97
91 99 95
92 0 104
92 1 99
92 2 100
92 3 95
92 4 105
92 5 99
92 6 107
92 7 96
92 8 102
92 9 99
92 10 99
92 11 104
92 12 105
92 13 105
92 14 103
92 15 93
92 16 105
92 17 99
92 18 108
92 19 105
92 20 100
92 21 94
92 22 106
92 23 99
92 24 97
92 25 102
92 26 94
92 27 99
92 28 94
92 29 97
92 30 101
92 31 85
92 32 95
92 33 100
92 34 92
92 35 92
92 36 100
92 37 97
92 38 93
92 39 106
92 40 98
92 41 98
92 42 105
92 43 105
92 44 102
92 45 105
92 46 98
92 47 99
92 48 100
92 49 106
92 50 97
92 51 104
92 52 96
92 53 104
92 54 101
92 55 104
92 56 106
92 57 100
92 58 99
92 59 103
92 60 94
92 61 101
92 62 101
92 63 93
92 64 99
92 65 107
92 66 98
92 67 99
92 68 100
92 69 96
92 70 97
92 71 92
92 72 101
92 73 103
92 74 95
92 75 103
92 76 102
92 77 98
92 78 93
92 79 99
92 80 106
92 81 110
92 82 98
92 83 102
92 84 99
92 85 103
92 86 103
92 87 99
92 88 101
92 89 96
92 90 103
92 91 94
92 93 101
92 94 105
92 95 101
92 96 105
92 97 100
92 98 104
92 99 103
93 0 101
93 1 100
93 2 102
93 3 106
93 4 93
93 5 99
93 6 101
93 7 100
93 8 98
93 9 98
93 10 98
93 11 99
93 12 104
93 13 104
93 14 92
93 15 99
93 16 110
93 17 98
93 18 102
93 19 95
93 20 95
93 21 96
93 22 102
93 23 100
93 24 108
93 25 102
93 26 106
93 27 99
93 28 96
93 29 104
93 30 104
93 31 106
93 32 91
93 33 93
93 34 102
93 35 102
93 36 97
93 37 95
93 38 103
93 39 101
93 40 98
93 41 100
93 42 98
93 43 98
93 44 99
93 45 101
93 46 96
93 47 94
93 48 97
93 49 111
93 50 96
93 51 98
93 52 96
93 53 108
93 54 91
93 55 94
93 56 102
93 57 98
93 58 102
93 59 99
93 60 101
93 61 101
93 62 98
93 63 99
93 64 103
93 65 100
93 66 95
93 67 88
93 68 92
93 69 111
93 70 96
93 71 99
93 72 100
93 73 101
93 74 96
93 75 99
93 76 93
93 77 107
93 78 102
93 79 102
93 80 97
93 81 95
93 82 103
93 83 94
93 84 102
93 85 99
93 86 103
93 87 104
93 88 102
93 89 96
93 90 92
93 91 99
93 92 101
93 94 102
93 95 101
93 96 102
93 97 111
93 98 102
93 99 100
94 0 105
94 1 99
94 2 112
94 3 89
94 4 95
94 5 103
94 6 107
94 7 100
94 8 95
94 9 91
94 10 98
94 11 103
94 12 101
94 13 98
94 14 102
94 15 97
94 16 105
94 17 93
94 18 96
94 19 97
94 20 100
94 21 100
94 22 102
94 23 108
94 24 101
94 25 89
94 26 101
94 27 105
94 28 101
94 29 101
94 30 100
94 31 95
94 32 99
94 33 110
94 34 104
94 35 102
94 36 100
94 37 108
94 38 102
94 39 100
94 40 89
94 41 103
94 42 108
94 43 102
94 44 97
94 45 95
94 46 99
94 47 92
94 48 93
94 49 99
94 50 106
94 51 95
94 52 98
94 53 101
94 54 95
94 55 104
94 56 103
94 57 94
94 58 101
94 59 97
94 60 104
94 61 99
94 62 110
94 63 92
94 64 102
94 65 106
94 66 95
94 67 99
94 68 104
94 69 100
94 70 97
94 71 103
94 72 90
94 73 102
94 74 105
94 75 91
94 76 95
94 77 94
94 78 95
94 79 91
94 80 99
94 81 114
94 82 102
94 83 97
94 84 102
94 85 103
94 86 96
94 87 112
94 88 101
94 89 97
94 90 102
94 91 100
94 92 105
94 93 89
94 95 96
94 96 102
94 97 85
94 98 103
94 99 91
95 0 99
95 1 105
95 2 102
95 3 100
95 4 92
95 5 103
95 6 91
95 7 93
95 8 102
95 9 98
95 10 103
95 11 106
95 12 101
95 13 112
95 14 96
95 15 98
95 16 111
95 17 98
95 18 88
95 19 91
95 20 100
95 21 100
95 22 100
95 23 95
95 24 98
95 25 104
95 26 96
95 27 98
95 28 103
95 29 93
95 30 95
95 31 85
95 32 86
95 33 101
95 34 99
95 35 107
95 36 102
95 37 103
95 38 89
95 39 100
95 40 101
95 41 98
95 42 106
95 43 110
95 44 97
95 45 103
95 46 99
95 47 95
95 48 97
95 49 104
95 50 107
95 51 103
95 52 98
95 53 104
95 54 101
95 55 101
95 56 94
95 57 94
95 58 94
95 59 97
95 60 104
95 61 100
95 62 95
95 63 103
95 64 102
95 65 92
95 66 98
95 67 94
95 68 101
95 69 110
95 70 101
95 71 105
95 72 102
95 73 96
95 74 103
95 75 88
95 76 98
95 77 103
95 78 100
95 79 101
95 80 99
95 81 103
95 82 98
95 83 105
95 84 105
95 85 92
95 86 93
95 87 103
95 88 103
95 89 104
95 90 95
95 91 92
95 92 102
95 93 99
95 94 100
95 96 90
95 97 97
95 98 97
95 99 108
96 0 93
96 1 97
96 2 94
96 3 91
96 4 105
96 5 98
96 6 97
96 7 93
96 8 105
96 9 104
96 10 103
96 11 99
96 12 95
96 13 104
96 14 99
96 15 103
96 16 99
96 17 97
96 18 101
96 19 97
96 20 98
96 21 99
96 22 98
96 23 97
96 24 104
96 25 112
96 26 96
96 27 100
96 28 95
96 29 97
96 30 106
96 31 99
96 32 100
96 33 96
96 34 95
96 35 109
96 36 102
96 37 105
96 38 106
96 39 94
96 40 98
96 41 109
96 42 92
96 43 100
96 44 100
96 45 98
96 46 97
96 47 104
96 48 92
96 49 106
96 50 92
96 51 101
96 52 101
96 53 103
96 54 98
96 55 107
96 56 96
96 57 95
96 58 101
96 59 113
96 60 103
96 61 100
96 62 102
96 63 101
96 64 104
96 65 94
96 66 101
96 67 106
96 68 96
96 69 95
96 70 100
96 71 104
96 72 92
96 73 112
96 74 101
96 75 97
96 76 95
96 77 104
96 78 98
96 79 92
96 80 97
96 81 93
96 82 90
96 83 102
96 84 98
96 85 109
96 86 105
96 87 93
96 88 91
96 89 95
96 90 98
96 91 104
96 92 98
96 93 90
96 94 106
96 95 101
96 97 97
96 98 101
96 99 97
97 0 94
97 1 98
97 2 102
97 3 92
97 4 100
97 5 100
97 6 95
97 7 104
97 8 95
97 9 92
97 10 100
97 11 105
97 12 98
97 13 108
97 14 98
97 15 95
97 16 96
97 17 110
97 18 97
97 19 104
97 20 107
97 21 103
97 22 101
97 23 99
97 24 103
97 25 93
97 26 103
97 27 101
97 28 91
97 29 95
97 30 96
97 31 98
97 32 108
97 33 110
97 34 109
97 35 111
97 36 102
97 37 104
97 38 89
97 39 107
97 40 98
97 41 106
97 42 96
97 43 99
97 44 103
97 45 97
97 46 94
97 47 99
97 48 100
97 49 102
97 50 98
97 51 102
97 52 99
97 53 104
97 54 106
97 55 97
97 56 105
97 57 103
97 58 100
97 59 106
97 60 110
97 61 108
97 62 95
97 63 99
97 64 103
97 65 106
97 66 101
97 67 98
97 68 98
97 69 93
97 70 100
97 71 100
97 72 102
97 73 103
97 74 94
97 75 108
97 76 101
97 77 97
97 78 97
97 79 101
97 80 103
97 81 93
97 82 105
97 83 100
97 84 96
97 85 109
97 86 92
97 87 95
97 88 99
97 89 101
97 90 104
97 91 103
97 92 101
97 93 99
97 94 102
97 95 98
97 96 98
97 98 103
97 99 102
98 0 102
98 1 103
98 2 94
98 3 96
98 4 100
98 5 94
98 6 100
98 7 109
98 8 99
98 9 92
98 10 105
98 11 91
98 12 96
98 13 99
98 14 94
98 15 99
98 16 95
98 17 97
98 18 97
98 19 100
98 20 104
98 21 101
98 22 96
98 23 98
98 24 103
98 25 98
98 26 93
98 27 110
98 28 99
98 29 110
98 30 93
98 31 103
98 32 106
98 33 99
98 34 95
98 35 100
98 36 94
98 37 100
98 38 98
98 39 100
98 40 92
98 41 107
98 42 101
98 43 104
98 44 109
98 45 93
98 46 96
98 47 95
98 48 103
98 49 98
98 50 104
98 51 96
98 52 98
98 53 103
98 54 97
98 55 99
98 56 104
98 57 97
98 58 99
98 59 100
98 60 101
98 61 95
98 62 107
98 63 106
98 64 100
98 65 102
98 66 96
98 67 101
98 68 107
98 69 96
98 70 88
98 71 87
98 72 98
98 73 101
98 74 100
98 75 95
98 76 102
98 77 94
98 78 95
98 79 100
98 80 98
98 81 93
98 82 96
98 83 109
98 84 101
98 85 110
98 86 97
98 87 94
98 88 101
98 89 95
98 90 94
98 91 98
98 92 103
98 93 103
98 94 94
98 95 107
98 96 94
98 97 103
98 99 96
99 0 96
99 1 103
99 2 100
99 3 97
99 4 99
99 5 96
99 6 103
99 7 97
99 8 90
99 9 102
99 10 104
99 11 97
99 12 101
99 13 107
99 14 93
99 15 98
99 16 102
99 17 98
99 18 102
99 19 105
99 20 101
99 21 102
99 22 96
99 23 96
99 24 98
99 25 104
99 26 108
99 27 98
99 28 102
99 29 104
99 30 91
99 31 102
99 32 95
99 33 104
99 34 100
99 35 99
99 36 107
99 37 94
99 38 98
99 39 100
99 40 102
99 41 100
99 42 100
99 43 103
99 44 101
99 45 99
99 46 95
99 47 98
99 48 98
99 49 107
99 50 96
99 51 97
99 52 102
99 53 97
99 54 96
99 55 105
99 56 101
99 57 99
99 58 96
99 59 104
99 60 104
99 61 95
99 62 102
99 63 107
99 64 98
99 65 103
99 66 101
99 67 105
99 68 109
99 69 94
99 70 98
99 71 97
99 72 97
99 73 97
99 74 108
99 75 97
99 76 104
99 77 95
99 78 103
99 79 97
99 80 110
99 81 98
99 82 97
99 83 93
99 84 102
99 85 88
99 86 94
99 87 99
99 88 104
99 89 99
99 90 100
99 91 97
99 92 108
99 93 103
99 94 102
99 95 103
99 96 99
99 97 105
99 98 95
