100 4865
0 8 -96
0 20 -110
0 21 -98
0 23 -103
0 25 -105
0 28 -103
0 32 -96
0 44 -100
0 68 -94
0 77 -108
0 78 -100
0 82 -102
0 93 -104
0 97 -103
1 2 -94
1 4 -93
1 5 -95
1 7 -103
1 8 -97
1 9 -97
1 11 -96
1 12 -106
1 13 -101
1 15 -100
1 16 -102
1 17 -88
1 19 -107
1 23 -96
1 24 -105
1 25 -94
1 27 -111
1 28 -104
1 29 -97
1 31 -97
1 32 -95
1 33 -97
1 34 -104
1 35 -107
1 36 -93
1 37 -97
1 38 -92
1 39 -110
1 40 -84
1 41 -94
1 42 -99
1 43 -107
1 47 -104
1 49 -99
1 50 -107
1 51 -102
1 53 -100
1 54 -97
1 56 -103
1 57 -102
1 62 -98
1 63 -101
1 65 -93
1 66 -98
1 67 -103
1 69 -96
1 70 -102
1 71 -105
1 73 -101
1 78 -100
1 79 -105
1 81 -94
1 82 -87
1 83 -108
1 84 -98
1 86 -93
1 87 -95
1 88 -103
1 89 -93
1 90 -96
1 93 -98
1 94 -98
1 95 -97
1 99 -98
2 4 -92
2 6 -88
2 7 -102
2 8 -100
2 17 -100
2 18 -100
2 20 -104
2 21 -109
2 22 -101
2 23 -99
2 24 -100
2 25 -101
2 27 -100
2 29 -96
2 31 -102
2 37 -103
2 38 -95
2 41 -107
2 48 -90
2 49 -101
2 50 -107
2 53 -98
2 54 -102
2 55 -101
2 61 -97
2 63 -96
2 65 -104
2 68 -95
2 69 103
2 72 -92
2 73 -104
2 78 -101
2 79 -108
2 81 -103
2 83 -102
2 84 -99
2 93 -97
2 95 -100
2 97 -99
3 2 -106
3 6 -100
3 7 -98
3 12 -108
3 23 -98
3 30 -99
3 33 -100
3 35 -97
3 44 -106
3 46 -101
3 47 -99
3 52 -108
3 55 -95
3 80 -94
3 84 -100
3 85 -100
3 87 -97
3 96 -94
4 2 -105
4 7 -99
4 9 -97
4 14 -91
4 15 -104
4 17 -108
4 18 -99
4 19 -99
4 21 -112
4 24 -104
4 28 -108
4 31 -101
4 38 -94
4 41 -99
4 42 -107
4 48 -96
4 54 -99
4 56 -95
4 60 -102
4 63 -94
4 68 -110
4 72 -93
4 76 -102
4 80 -88
4 82 -101
4 83 -102
4 89 -97
4 93 -103
4 94 -107
4 95 -107
4 96 -99
4 97 -95
4 99 -108
5 0 -101
5 1 -100
5 8 -96
5 9 -96
5 10 -97
5 11 -101
5 13 -96
5 15 -103
5 16 -100
5 17 -102
5 18 -107
5 19 -102
5 20 -94
5 21 -92
5 22 -94
5 23 -97
5 24 -94
5 25 -103
5 26 -103
5 27 -94
5 28 -96
5 29 -101
5 30 -95
5 31 -107
5 32 -92
5 33 -89
5 35 -101
5 36 -106
5 37 -100
5 38 -98
5 39 -102
5 40 -102
5 41 -103
5 42 -96
5 43 -100
5 44 -96
5 45 -94
5 46 -100
5 48 -87
5 49 -103
5 50 -88
5 51 -97
5 52 -98
5 53 -101
5 56 -100
5 58 -104
5 59 -98
5 62 -97
5 63 -97
5 64 -98
5 65 -92
5 66 -104
5 69 -94
5 71 -94
5 72 -100
5 74 -105
5 75 -102
5 76 -99
5 77 -96
5 80 -99
5 81 -98
5 82 -96
5 83 -90
5 84 -92
5 85 -100
5 86 -95
5 87 -101
5 88 -100
5 89 -108
5 90 -97
5 92 -99
5 93 -101
5 94 -88
5 95 -97
5 97 -102
5 99 -93
6 0 -98
6 2 -103
6 4 -97
6 5 -93
6 7 -102
6 10 -95
6 16 -102
6 19 -96
6 20 -99
6 22 -103
6 24 -105
6 27 -94
6 28 -97
6 29 -96
6 30 -99
6 34 -97
6 39 -102
6 44 -98
6 49 -91
6 52 -94
6 56 -92
6 59 -104
6 60 -94
6 63 -103
6 66 94
6 67 -100
6 69 -98
6 70 -109
6 71 -106
6 77 -96
6 79 -103
6 82 -100
6 86 -94
6 87 -93
6 91 -96
6 93 -98
6 96 -97
6 98 -100
7 0 -94
7 2 -94
7 4 -104
7 5 -98
7 6 -99
7 8 -101
7 10 -95
7 12 -95
7 13 -100
7 14 -99
7 15 -91
7 16 -96
7 17 -107
7 18 -90
7 19 -99
7 20 -100
7 21 -95
7 22 -100
7 23 -103
7 24 -101
7 25 -113
7 26 -106
7 27 -97
7 28 -101
7 29 -100
7 30 -95
7 31 -90
7 33 -110
7 34 -100
7 35 -103
7 37 -107
7 39 -94
7 43 -109
7 44 -108
7 45 -95
7 46 -110
7 47 -95
7 48 -98
7 49 -107
7 51 -106
7 52 -96
7 53 -92
7 54 -96
7 55 -96
7 56 -92
7 57 -93
7 59 -103
7 60 -105
7 61 -102
7 62 -100
7 65 -99
7 66 -97
7 67 -101
7 68 -101
7 69 -101
7 70 -109
7 71 -88
7 73 -104
7 74 -103
7 75 -102
7 76 -100
7 77 -101
7 78 -108
7 80 -90
7 81 -92
7 84 -106
7 85 -95
7 86 -93
7 87 -94
7 88 -95
7 89 -91
7 90 -102
7 91 -95
7 92 -98
7 93 -96
7 94 -97
7 95 -99
7 96 -110
7 98 -97
8 9 -91
8 16 -92
8 18 -96
8 25 -98
8 28 -103
8 37 -95
8 43 -94
8 58 -94
8 60 -99
8 94 -95
8 97 -96
9 0 -102
9 1 -102
9 6 -90
9 7 -96
9 8 -96
9 12 -101
9 14 -99
9 15 -96
9 16 -110
9 18 -100
9 19 -107
9 20 -100
9 25 -88
9 27 -92
9 29 -101
9 32 -99
9 34 -103
9 36 -91
9 37 -101
9 38 -94
9 40 -106
9 42 -102
9 43 -102
9 44 -94
9 45 -94
9 49 -93
9 51 -104
9 53 -99
9 56 -93
9 57 -100
9 59 -93
9 61 -104
9 64 -92
9 65 -103
9 67 -96
9 69 -103
9 72 -96
9 73 -102
9 75 -102
9 76 -90
9 79 -107
9 80 -101
9 81 -105
9 83 -95
9 85 -108
9 88 -95
9 89 -89
9 91 -107
9 94 -100
9 96 -98
9 98 -95
9 99 -97
10 12 -96
11 0 -101
11 1 -98
11 2 -97
11 3 -107
11 4 -101
11 5 -98
11 6 -95
11 7 -103
11 8 -101
11 9 -104
11 10 -93
11 12 -95
11 13 -96
11 14 -102
11 15 -92
11 16 -101
11 17 -100
11 18 -103
11 19 -96
11 20 -102
11 21 -97
11 22 -102
11 23 -105
11 24 -94
11 25 -111
11 26 -98
11 27 -104
11 28 -102
11 30 -105
11 31 -110
11 32 -100
11 33 -88
11 34 -97
11 35 -104
11 36 -104
11 37 -100
11 38 -104
11 40 -106
11 41 -99
11 42 -102
11 43 -92
11 44 -95
11 45 -105
11 47 -101
11 48 -96
11 49 -93
11 50 -114
11 52 -100
11 53 -97
11 54 -96
11 55 -98
11 56 -104
11 57 -94
11 58 -95
11 60 -99
11 61 -99
11 62 -98
11 63 -105
11 64 -104
11 65 -97
11 66 -99
11 67 -109
11 68 -102
11 69 -99
11 70 -98
11 71 -99
11 72 -110
11 73 -101
11 74 -103
11 75 -98
11 76 -102
11 77 -104
11 78 -105
11 80 -96
11 81 -99
11 82 -91
11 83 -101
11 84 -100
11 85 -101
11 86 -104
11 87 -106
11 88 -103
11 89 -96
11 91 -95
11 92 -97
11 93 -105
11 94 -91
11 95 -91
11 96 -103
11 97 -101
11 98 -104
12 0 -102
12 1 -95
12 2 -100
12 3 -95
12 4 -96
12 5 -97
12 6 -97
12 7 -102
12 8 -103
12 9 -103
12 10 -93
12 13 -103
12 14 -101
12 15 -103
12 17 -99
12 18 97
12 19 -98
12 20 -93
12 21 -93
12 23 -102
12 24 -102
12 25 -103
12 26 -97
12 27 -104
12 28 -95
12 29 -108
12 30 -94
12 31 -99
12 32 -100
12 34 -95
12 35 -98
12 36 -110
12 37 -89
12 38 -94
12 39 -101
12 40 -105
12 41 -99
12 42 -91
12 43 -97
12 44 -95
12 45 -103
12 46 -103
12 47 -100
12 48 -105
12 49 -105
12 50 -105
12 51 -95
12 52 -104
12 53 -105
12 54 -96
12 55 -95
12 57 -99
12 58 -104
12 59 -96
12 60 -95
12 61 -100
12 62 -106
12 63 -96
12 64 -91
12 67 -94
12 68 -99
12 69 -101
12 70 -107
12 71 -88
12 72 -108
12 73 -102
12 74 -104
12 75 -94
12 76 -100
12 77 -100
12 78 -108
12 79 -101
12 81 -94
12 82 -100
12 83 -102
12 84 -97
12 85 -91
12 86 -106
12 87 -96
12 88 -96
12 89 -95
12 90 -94
12 92 -99
12 94 -105
12 96 -103
12 97 -109
12 98 -103
12 99 -104
13 8 -97
13 10 -107
13 18 -102
13 20 -105
13 27 -102
13 29 -95
13 37 -101
13 43 -96
13 44 -97
13 46 -101
13 49 -96
13 50 -93
13 56 -96
13 59 -101
13 60 -107
13 66 -106
13 67 -102
13 70 -95
13 78 -95
13 84 -101
14 2 -95
14 3 -103
14 4 -103
14 9 -92
14 11 -99
14 12 -103
14 13 -99
14 17 -105
14 20 -100
14 23 -98
14 24 -100
14 25 -102
14 26 -102
14 27 -94
14 28 -95
14 30 -100
14 31 -103
14 33 -103
14 35 -97
14 37 -100
14 39 -102
14 40 -111
14 42 -103
14 49 -95
14 50 -104
14 51 -103
14 52 -107
14 53 -106
14 59 -108
14 60 -104
14 61 -91
14 63 -90
14 65 -106
14 66 -98
14 67 -100
14 68 -104
14 70 -100
14 72 -99
14 75 -103
14 76 -102
14 79 -92
14 80 -100
14 83 -91
14 87 -102
14 92 -102
14 93 -105
14 95 -102
14 96 -103
14 98 -102
14 99 -98
15 0 -96
15 2 -103
15 9 -94
15 10 -104
15 12 -94
15 18 -93
15 21 -98
15 24 -92
15 28 -97
15 34 -96
15 35 -103
15 41 -90
15 44 -96
15 48 -103
15 56 -98
15 58 -103
15 63 -106
15 65 -106
15 66 -101
15 69 -106
15 78 -100
15 80 -102
15 81 92
15 90 -97
15 92 -91
15 94 -99
15 98 -94
16 0 -94
16 5 95
16 10 -92
16 27 -104
16 29 -97
16 30 -101
16 35 -98
16 43 -96
16 47 -105
16 57 102
16 64 -96
16 65 -96
16 67 -102
16 70 -102
16 77 -93
16 78 -94
16 79 -115
16 84 -99
17 1 -92
17 5 -92
17 15 -108
17 18 -100
17 19 -100
17 22 -100
17 24 -98
17 25 -92
17 26 -92
17 27 -99
17 28 -96
17 29 -107
17 32 -100
17 34 -100
17 35 -101
17 36 -89
17 37 -107
17 38 -99
17 39 -101
17 40 -100
17 42 -100
17 43 -104
17 46 -87
17 49 -93
17 52 -99
17 55 -101
17 58 -105
17 60 -99
17 61 -91
17 63 -98
17 65 -99
17 75 -97
17 77 -108
17 78 -106
17 80 -99
17 82 -96
17 86 -100
17 87 -90
17 89 -102
17 90 -94
17 94 -101
18 0 -105
18 3 -105
18 4 -93
18 6 -113
18 7 -103
18 8 -94
18 9 -103
18 10 -97
18 13 -100
18 14 -100
18 16 -101
18 17 -100
18 20 -106
18 23 -103
18 24 -102
18 25 -104
18 27 -101
18 28 -101
18 29 -97
18 30 -98
18 32 -101
18 33 -101
18 34 -98
18 35 -96
18 36 -99
18 38 -86
18 40 -95
18 41 -101
18 43 -103
18 44 -103
18 45 -102
18 46 -105
18 47 -99
18 49 -109
18 50 -105
18 51 -103
18 52 -103
18 53 -105
18 54 -90
18 55 -102
18 56 -108
18 58 -97
18 60 -101
18 62 -102
18 63 -100
18 64 -97
18 66 -101
18 68 -108
18 69 -102
18 71 -105
18 72 -99
18 73 -99
18 74 -94
18 76 -100
18 77 -99
18 79 -101
18 82 -98
18 83 -89
18 87 -100
18 88 -94
18 89 -102
18 90 -96
18 91 -97
18 92 -108
18 95 -82
18 96 -95
18 98 -101
18 99 -97
19 1 -105
19 4 -107
19 11 -97
19 25 -97
19 30 -112
19 47 -104
19 53 -98
19 61 -103
19 63 -88
19 64 -100
19 84 -107
19 89 -98
19 93 -95
20 1 -95
20 2 -101
20 7 -101
20 11 -86
20 17 -90
20 24 -107
20 34 -97
20 38 -94
20 40 -108
20 47 -110
20 62 -99
20 63 -103
20 64 -99
20 69 -95
20 78 -100
20 83 -101
20 90 -92
20 92 -101
20 95 -98
20 98 -99
21 0 -88
21 1 -96
21 2 -98
21 3 -93
21 5 -98
21 6 -93
21 7 -97
21 8 -96
21 9 -97
21 10 -94
21 11 -97
21 12 -98
21 13 -90
21 14 -91
21 16 -110
21 17 -101
21 19 -98
21 20 -103
21 22 -94
21 24 -92
21 25 -95
21 26 -99
21 27 -104
21 28 -98
21 29 -104
21 30 -107
21 31 -89
21 33 -99
21 34 -106
21 35 -98
21 36 -101
21 37 -103
21 38 -104
21 39 -95
21 40 -100
21 42 -97
21 43 -103
21 44 -103
21 45 -100
21 46 -86
21 47 -105
21 48 -95
21 49 -103
21 50 -101
21 51 -99
21 52 -101
21 53 -108
21 54 -108
21 55 -94
21 56 -99
21 57 -89
21 58 -99
21 59 -98
21 60 -98
21 61 -98
21 62 -111
21 63 -102
21 64 -102
21 65 -87
21 66 -101
21 67 -107
21 68 -97
21 69 -100
21 70 -99
21 71 -107
21 72 -101
21 73 103
21 74 -103
21 75 -98
21 76 -102
21 77 -104
21 78 -107
21 79 -107
21 80 -98
21 81 -96
21 82 -97
21 83 -100
21 86 -96
21 87 -102
21 88 -98
21 89 -102
21 90 -97
21 91 -107
21 92 -96
21 93 -97
21 94 -96
21 96 -101
21 98 -100
22 0 -92
22 4 -101
22 6 -99
22 8 -107
22 9 -103
22 12 -98
22 14 -103
22 23 -101
22 25 -94
22 28 -99
22 33 -97
22 37 -96
22 40 -99
22 41 -105
22 42 -100
22 45 -98
22 49 -101
22 54 -101
22 56 -105
22 62 -100
22 71 -105
22 84 -90
22 90 -104
22 95 -112
22 98 -115
23 6 -96
23 12 -105
23 13 -96
23 19 -101
23 27 -106
23 30 -100
23 32 -100
23 33 -95
23 34 -101
23 37 -98
23 41 -105
23 45 -97
23 46 -100
23 47 -93
23 50 -99
23 51 -96
23 54 -101
23 60 -101
23 62 -94
23 68 -101
23 69 -94
23 72 -105
23 77 -100
23 78 -99
23 79 -108
23 82 -105
23 84 -106
23 85 -105
23 87 -99
23 88 -100
23 91 -95
23 92 -98
23 96 -99
23 97 -98
24 1 -102
24 6 98
24 16 -99
24 17 -100
24 21 -97
24 23 -109
24 26 -97
24 27 -108
24 31 -105
24 32 -103
24 38 -102
24 45 -101
24 46 -99
24 52 -92
24 53 -105
24 56 -97
24 59 -95
24 63 -102
24 66 -96
24 70 -101
24 71 -100
24 74 -96
24 78 -93
24 87 -97
24 99 -104
25 0 -96
25 1 -101
25 3 -92
25 4 -95
25 6 -92
25 8 -95
25 9 -99
25 10 -99
25 11 -99
25 12 -100
25 13 -97
25 14 -100
25 15 -92
25 16 -82
25 17 -102
25 18 -104
25 19 -99
25 21 -93
25 23 -99
25 24 96
25 26 -101
25 27 -94
25 29 -106
25 30 -98
25 31 -105
25 32 -104
25 33 -105
25 34 -100
25 35 -92
25 36 -101
25 37 -98
25 38 -91
25 39 -98
25 40 -91
25 41 -95
25 42 -98
25 43 -103
25 44 -95
25 45 -96
25 47 -100
25 48 -109
25 49 -97
25 50 -98
25 51 -100
25 52 -95
25 53 -87
25 54 -99
25 55 -98
25 56 -95
25 57 -99
25 58 -102
25 59 -99
25 61 -100
25 62 -96
25 63 -99
25 64 -104
25 65 -101
25 66 -100
25 67 -103
25 68 -90
25 69 -91
25 70 -92
25 71 -101
25 72 -98
25 73 -97
25 74 -102
25 75 -95
25 76 -95
25 77 -100
25 78 -98
25 80 -107
25 81 -99
25 83 -100
25 84 -94
25 86 -98
25 87 -98
25 88 -105
25 89 -104
25 90 -102
25 91 -89
25 92 -101
25 93 -106
25 94 -105
25 95 -95
25 96 -98
25 97 -97
25 98 -108
25 99 -99
26 15 -96
26 18 -92
26 23 -96
26 35 -100
26 52 -92
26 60 -97
26 63 -101
26 71 -101
26 73 -98
26 78 -103
26 87 -104
26 98 -100
27 39 -93
27 45 -105
27 68 -100
28 1 -97
28 3 -101
28 6 -109
28 8 -101
28 10 -96
28 15 -98
28 16 -100
28 18 -87
28 19 -93
28 25 -99
28 33 -102
28 37 -97
28 38 -99
28 40 -95
28 41 -97
28 42 -93
28 43 -104
28 44 -101
28 46 -99
28 48 -114
28 49 -111
28 50 -99
28 51 -98
28 52 -94
28 53 -94
28 57 -100
28 58 -105
28 59 -102
28 61 -93
28 64 -103
28 66 -96
28 67 -103
28 68 -101
28 69 -92
28 71 -102
28 72 -101
28 73 -102
28 76 -94
28 77 -107
28 78 -94
28 84 -93
28 85 -98
28 86 -93
28 90 -106
28 92 -103
28 95 -106
28 98 -100
29 0 -88
29 1 -97
29 2 -91
29 4 -103
29 5 -103
29 6 -96
29 8 -98
29 9 -89
29 10 -94
29 11 -104
29 13 -98
29 15 -99
29 16 -101
29 17 -93
29 18 -91
29 19 -93
29 20 -96
29 23 -97
29 24 -94
29 25 -101
29 27 -96
29 28 -96
29 30 -101
29 33 -98
29 34 -95
29 35 -101
29 36 -94
29 37 -92
29 38 -97
29 40 -97
29 41 -96
29 43 -103
29 46 -97
29 47 -102
29 49 -93
29 51 -103
29 52 -107
29 53 -103
29 55 -98
29 56 -108
29 58 -103
29 59 -109
29 60 -103
29 61 -95
29 62 -90
29 63 -99
29 64 -103
29 65 -104
29 66 -93
29 68 -94
29 69 -103
29 70 -94
29 71 -96
29 72 -110
29 73 -92
29 74 -103
29 75 -102
29 80 -96
29 81 -106
29 82 -102
29 83 -104
29 84 -94
29 86 -98
29 87 -92
29 88 -92
29 89 -91
29 90 -96
29 91 -94
29 93 -96
29 94 -98
29 95 -94
29 96 -96
29 97 -107
29 98 -99
29 99 -92
30 0 -103
30 2 -98
30 3 -101
30 4 -97
30 5 -100
30 6 -105
30 7 -97
30 8 -109
30 9 -98
30 10 -106
30 11 -108
30 12 -107
30 13 -98
30 14 -90
30 15 -107
30 16 -92
30 17 -100
30 18 -97
30 21 -103
30 22 -98
30 23 -108
30 24 -104
30 25 -96
30 26 -100
30 27 -101
30 28 -98
30 29 -103
30 31 -92
30 32 -106
30 33 -103
30 34 -101
30 35 -103
30 36 -101
30 37 93
30 38 -90
30 39 -91
30 40 -101
30 41 -90
30 42 -107
30 43 -98
30 44 -97
30 45 101
30 46 -100
30 47 -89
30 48 -96
30 49 -100
30 50 -101
30 51 -95
30 52 -94
30 54 -102
30 55 -89
30 56 -93
30 57 -97
30 58 -105
30 59 -98
30 60 -99
30 61 -100
30 62 -91
30 63 -100
30 64 -96
30 65 -89
30 66 -111
30 67 -104
30 68 -100
30 69 -99
30 70 -102
30 71 -92
30 72 -99
30 73 -96
30 74 -106
30 75 -95
30 76 -99
30 77 -104
30 78 -100
30 79 -100
30 80 -94
30 81 -106
30 82 -105
30 83 -107
30 84 -102
30 86 -94
30 87 -95
30 88 -100
30 89 -96
30 90 -98
30 91 -98
30 92 -102
30 93 -96
30 94 -102
30 95 -98
30 96 -96
30 97 -99
30 98 -101
30 99 -106
31 2 -90
31 4 -101
31 6 -102
31 7 -99
31 8 -100
31 9 -96
31 10 -99
31 12 -108
31 13 -91
31 14 -95
31 15 -92
31 19 -97
31 20 -96
31 21 -91
31 23 -100
31 24 -96
31 25 -95
31 26 -104
31 27 -103
31 28 -97
31 36 -94
31 37 -92
31 38 -102
31 39 -98
31 40 -106
31 41 -99
31 42 -101
31 43 -94
31 44 -99
31 46 -93
31 48 -92
31 49 -94
31 50 -105
31 52 -95
31 55 -101
31 58 -107
31 59 -104
31 61 -105
31 62 -100
31 64 -98
31 66 -105
31 68 -99
31 69 -95
31 70 -101
31 72 -100
31 73 -94
31 74 -96
31 77 -103
31 78 -103
31 79 -99
31 80 -103
31 82 -91
31 84 -102
31 86 -105
31 87 -105
31 88 -96
31 89 -91
31 90 -105
31 91 -98
31 92 -99
31 93 -97
31 94 -102
31 98 -102
31 99 -103
32 3 -104
32 15 -102
32 17 -92
32 25 -92
32 28 -97
32 29 -96
32 31 -103
32 39 -92
32 46 -101
32 57 -92
32 62 -102
32 65 -96
32 68 -92
32 77 -95
32 78 -98
32 81 -95
32 85 -108
32 99 -102
33 0 -98
33 1 -96
33 2 -94
33 3 -105
33 4 -94
33 5 -103
33 6 -103
33 8 -93
33 9 -95
33 10 -101
33 11 -99
33 12 -96
33 13 -106
33 14 -99
33 15 -96
33 16 -95
33 18 -96
33 19 -99
33 20 -92
33 21 -101
33 22 -97
33 24 -105
33 28 -91
33 29 -102
33 30 -102
33 32 -91
33 34 -87
33 35 -108
33 36 -100
33 37 -106
33 39 -98
33 41 -104
33 42 -101
33 44 -96
33 45 -91
33 46 -100
33 47 -111
33 48 -107
33 49 -102
33 50 -97
33 54 -105
33 55 -100
33 56 -91
33 57 -104
33 58 -108
33 60 -96
33 61 -104
33 62 -103
33 63 -98
33 64 -98
33 65 -97
33 66 -102
33 67 -102
33 68 -99
33 69 -95
33 70 -97
33 71 -92
33 72 -92
33 73 -99
33 74 -106
33 76 -102
33 77 -97
33 78 -88
33 80 -91
33 81 -94
33 82 -101
33 83 -105
33 84 -102
33 85 -100
33 86 -97
33 88 -105
33 89 -102
33 94 -95
33 95 -101
33 96 -104
33 97 -102
33 98 -100
33 99 -110
34 0 -100
34 3 -101
34 4 -107
34 7 -100
34 9 -100
34 10 -101
34 12 -95
34 13 -103
34 14 -109
34 16 -105
34 18 -102
34 23 -95
34 28 -100
34 32 -101
34 33 -104
34 37 -105
34 38 -106
34 40 -99
34 41 -105
34 42 -103
34 46 -91
34 48 -109
34 50 -98
34 53 -91
34 56 -96
34 57 -100
34 58 -92
34 61 -105
34 66 -100
34 69 -109
34 70 -98
34 74 -101
34 75 -96
34 77 -89
34 78 -103
34 79 -103
34 80 -95
34 82 -101
34 85 -100
34 87 -100
34 91 -104
34 92 -93
34 95 -102
34 96 -105
34 97 -100
35 0 -102
35 3 -105
35 5 -103
35 8 -102
35 9 -100
35 16 -102
35 18 -101
35 21 100
35 25 -104
35 36 -93
35 46 -97
35 49 -104
35 53 -102
35 54 -101
35 56 -93
35 61 -89
35 62 -81
35 64 -107
35 67 -93
35 72 -107
35 74 -92
35 77 -93
35 80 -102
35 82 -94
35 84 -98
35 86 -104
35 94 -101
35 95 -108
35 96 -89
36 1 -93
36 2 -103
36 3 -97
36 4 -99
36 5 -104
36 6 -101
36 7 -105
36 8 -102
36 9 -96
36 10 -95
36 13 -102
36 14 -93
36 15 -101
36 16 -103
36 17 -101
36 18 -93
36 20 -104
36 21 -99
36 23 -94
36 24 -95
36 25 103
36 26 -98
36 27 -100
36 28 -94
36 29 -99
36 30 -107
36 31 -102
36 32 -100
36 33 -99
36 34 -97
36 35 -96
36 37 -110
36 38 105
36 39 -94
36 40 -109
36 42 -90
36 43 -100
36 44 -102
36 47 -103
36 48 -103
36 50 -101
36 51 -91
36 53 -100
36 54 92
36 55 -98
36 56 -98
36 57 -103
36 58 -95
36 61 -101
36 62 -98
36 64 -105
36 65 -100
36 67 -106
36 69 -104
36 70 -92
36 72 -98
36 73 -99
36 74 -100
36 75 -89
36 76 -93
36 77 -100
36 78 -97
36 81 -97
36 82 -100
36 84 -100
36 85 -103
36 86 -100
36 87 -103
36 88 -98
36 89 -95
36 90 -104
36 91 -103
36 93 -103
36 94 -90
36 95 -96
36 96 -97
36 98 -101
36 99 -101
37 42 -107
37 45 -104
37 49 -101
38 1 -94
38 4 -94
38 5 -98
38 6 -104
38 7 -95
38 10 -93
38 12 -96
38 14 -96
38 16 -94
38 19 -100
38 23 -97
38 24 -98
38 25 -99
38 26 -103
38 28 -107
38 29 -97
38 30 -89
38 33 -108
38 34 -95
38 36 -99
38 37 -94
38 39 -107
38 42 -110
38 43 -93
38 44 -96
38 46 -105
38 47 -93
38 49 -107
38 50 -98
38 51 -94
38 52 -105
38 53 -92
38 57 -105
38 59 -96
38 61 -102
38 67 -100
38 70 -106
38 72 -99
38 74 -101
38 75 -100
38 77 -98
38 78 -101
38 79 -97
38 80 -100
38 83 -104
38 84 -89
38 85 -99
38 89 -101
38 92 -111
38 93 -96
38 95 -106
38 96 -98
38 99 -102
39 2 -99
39 71 -100
40 0 -97
40 6 -97
40 9 -101
40 11 -99
40 12 -99
40 17 -101
40 18 -94
40 19 -100
40 21 -95
40 33 -108
40 34 -102
40 36 -101
40 39 -100
40 43 -104
40 44 -101
40 45 -89
40 53 -101
40 56 -103
40 59 -98
40 63 -99
40 65 -94
40 67 -105
40 68 -100
40 72 -104
40 73 -94
40 74 -104
40 82 -99
40 86 -102
40 87 -103
40 95 -100
40 97 -102
40 98 -99
41 0 -96
41 2 -104
41 3 -98
41 4 -95
41 5 -107
41 8 -97
41 9 -86
41 10 -101
41 11 -101
41 13 -101
41 16 -99
41 17 -92
41 18 -97
41 19 -104
41 21 -99
41 22 -96
41 25 -97
41 28 -95
41 29 -104
41 31 -102
41 34 -104
41 37 -100
41 38 -109
41 39 -100
41 44 -99
41 45 -92
41 48 -101
41 49 -105
41 50 -94
41 52 -102
41 53 -95
41 55 -106
41 56 -111
41 57 -96
41 59 -100
41 60 -95
41 62 -99
41 69 -96
41 70 -93
41 71 -98
41 73 -97
41 74 -97
41 76 -93
41 77 -87
41 78 -103
41 79 -98
41 80 -104
41 81 -94
41 85 -97
41 87 -94
41 88 -95
41 89 -97
41 91 -94
41 92 -97
41 93 -99
41 94 -92
41 95 -101
41 96 -100
41 97 -107
41 98 -91
41 99 -91
42 8 -105
42 16 -98
42 30 -101
42 34 -95
42 38 -98
42 43 -99
42 44 -99
42 46 -98
42 47 -102
42 48 -95
42 60 -104
42 67 -95
42 75 -108
42 76 -105
42 80 -102
42 86 -104
42 87 -105
42 88 -99
42 97 -99
43 0 -98
43 1 -97
43 2 -100
43 3 -97
43 4 -95
43 5 -102
43 6 -100
43 7 -95
43 8 -103
43 9 -95
43 10 -106
43 11 -107
43 12 -96
43 13 -93
43 14 -104
43 15 -96
43 16 -101
43 17 -94
43 18 -108
43 19 -104
43 21 -102
43 23 -106
43 24 -88
43 25 -101
43 27 -104
43 28 -103
43 30 -102
43 31 -104
43 32 -99
43 34 -102
43 35 -94
43 36 -98
43 37 -92
43 38 -95
43 39 -97
43 40 -95
43 42 -106
43 44 -99
43 45 101
43 47 -97
43 48 -98
43 51 -105
43 52 -92
43 53 -100
43 54 -108
43 55 -103
43 56 -96
43 57 -89
43 58 -97
43 59 -94
43 61 -99
43 62 -104
43 63 -110
43 64 -103
43 66 -106
43 68 -100
43 69 -92
43 70 -99
43 71 -106
43 73 -90
43 74 -99
43 75 -100
43 76 -100
43 77 -95
43 79 -104
43 80 -105
43 81 -102
43 82 -105
43 84 -99
43 85 -102
43 86 -98
43 87 -108
43 88 -94
43 89 -101
43 90 -96
43 91 -98
43 92 -94
43 93 -92
43 95 -102
43 96 -101
43 97 -100
43 98 -101
43 99 -105
44 0 -101
44 1 -102
44 2 -98
44 4 -99
44 5 -96
44 6 -99
44 7 -95
44 8 -104
44 10 -96
44 11 -111
44 12 -101
44 13 -102
44 15 -97
44 16 -107
44 19 -107
44 20 -101
44 21 -94
44 23 -95
44 24 -98
44 25 -94
44 26 -100
44 27 -105
44 28 94
44 29 -105
44 31 -99
44 32 -102
44 33 -97
44 34 -99
44 36 -104
44 37 -106
44 38 -104
44 39 -92
44 40 -91
44 41 -94
44 42 -93
44 46 -102
44 47 -97
44 48 -99
44 49 -98
44 50 -97
44 51 -91
44 53 -99
44 54 -100
44 55 -103
44 56 -102
44 57 -104
44 58 -99
44 60 -106
44 64 -101
44 65 -98
44 66 -108
44 67 -101
44 68 -99
44 70 -93
44 71 -97
44 72 -106
44 73 -110
44 74 -95
44 75 -97
44 77 -98
44 78 -85
44 79 -97
44 81 -99
44 82 -102
44 84 -103
44 85 -104
44 86 -100
44 87 -103
44 88 -93
44 90 100
44 93 -99
44 94 -102
44 96 -99
44 98 -113
45 0 -90
45 1 -99
45 3 -105
45 4 -101
45 5 -95
45 6 -95
45 7 -96
45 8 -102
45 9 -108
45 11 -92
45 12 -96
45 13 -104
45 14 -101
45 15 -99
45 18 -95
45 19 -106
45 20 -98
45 21 -103
45 22 -96
45 23 -99
45 24 -101
45 27 -94
45 28 -98
45 30 -94
45 31 -107
45 33 -97
45 34 -109
45 35 -102
45 36 -98
45 37 -107
45 38 -93
45 39 -95
45 40 -96
45 41 -92
45 42 -97
45 43 -100
45 44 -100
45 47 -100
45 48 -109
45 49 -91
45 50 -100
45 51 -98
45 52 -108
45 53 -103
45 54 -99
45 55 -106
45 56 -92
45 57 -102
45 58 -95
45 59 -97
45 60 -107
45 61 -104
45 62 -99
45 63 -100
45 64 -108
45 65 -98
45 66 -95
45 67 -93
45 68 -97
45 69 -100
45 71 -98
45 72 -102
45 73 -100
45 74 -109
45 75 -108
45 76 -104
45 77 -103
45 78 -94
45 79 -97
45 80 -102
45 81 -101
45 83 -98
45 84 -99
45 85 -102
45 86 -101
45 87 -101
45 88 -101
45 89 -103
45 90 -97
45 91 -101
45 92 -94
45 93 -96
45 94 -98
45 95 -98
45 96 -99
45 97 -96
45 98 -109
45 99 -96
46 0 -99
46 1 99
46 2 -107
46 3 -102
46 4 -99
46 5 -99
46 6 -104
46 7 -100
46 8 -109
46 9 -94
46 10 -98
46 11 -103
46 12 -102
46 13 -99
46 14 -99
46 15 -95
46 16 -103
46 17 -96
46 19 -101
46 20 -92
46 21 -93
46 22 -106
46 23 -96
46 25 -95
46 26 -106
46 27 -105
46 29 -104
46 30 -108
46 32 -98
46 33 -97
46 34 -105
46 37 -101
46 38 -104
46 39 -92
46 41 -100
46 42 -102
46 43 -95
46 44 -106
46 45 -103
46 48 102
46 49 -97
46 51 -100
46 52 -97
46 54 -93
46 55 -98
46 57 -99
46 58 -100
46 59 -91
46 60 -99
46 61 -95
46 62 -105
46 63 -99
46 64 -106
46 65 -92
46 67 -96
46 68 -95
46 69 -95
46 70 -104
46 73 -105
46 74 -96
46 76 -101
46 77 -99
46 78 -92
46 79 -99
46 80 -101
46 82 -99
46 83 -94
46 85 -102
46 86 -96
46 87 -110
46 89 -113
46 90 -92
46 91 -103
46 92 -96
46 94 -100
46 95 -105
46 96 -101
46 97 -110
46 98 -91
46 99 -96
47 9 -97
47 35 -97
48 1 92
48 10 -99
48 11 -104
48 22 -98
48 24 -102
48 27 -97
48 30 -96
48 33 -92
48 39 -97
48 58 -99
48 63 -96
48 72 -97
48 74 -97
48 82 -101
48 86 -95
48 95 -99
49 0 -95
49 1 -91
49 2 -103
49 5 -97
49 7 -94
49 9 -105
49 12 -86
49 13 -99
49 16 -91
49 17 -101
49 18 -93
49 21 -98
49 23 -98
49 24 -102
49 28 93
49 30 -100
49 31 -100
49 33 -97
49 38 -97
49 45 -109
49 50 -102
49 51 -106
49 52 -101
49 55 -102
49 56 -98
49 59 -101
49 66 -102
49 79 -103
49 82 -100
49 83 -95
49 89 -98
49 90 -97
49 91 -104
49 92 -97
49 93 -96
49 97 -105
50 0 -97
50 1 -90
50 2 -101
50 3 -107
50 6 -102
50 7 -97
50 8 -94
50 10 -97
50 11 -92
50 12 -97
50 15 -102
50 16 -100
50 17 -95
50 18 -101
50 22 -99
50 23 -100
50 25 -104
50 26 -105
50 29 -102
50 31 -99
50 33 -96
50 34 -91
50 35 -93
50 36 -86
50 39 -99
50 41 -97
50 43 -103
50 44 -91
50 46 -95
50 47 -96
50 48 -103
50 49 -94
50 52 -100
50 53 -96
50 54 -104
50 55 -96
50 57 -97
50 58 -104
50 60 -100
50 64 -93
50 66 -94
50 67 -92
50 71 -95
50 72 -109
50 73 -95
50 74 -105
50 75 -93
50 77 -104
50 78 -112
50 79 -88
50 80 -94
50 81 -99
50 82 -99
50 84 -105
50 85 -97
50 89 -107
50 90 -89
50 91 -95
50 92 -104
50 94 -97
50 95 -98
50 97 -85
50 98 -88
50 99 -101
51 0 -106
51 1 -97
51 2 -98
51 3 -108
51 4 -96
51 5 -97
51 7 -104
51 8 -105
51 9 -106
51 10 -99
51 11 -99
51 12 -101
51 13 -101
51 14 -98
51 15 -98
51 16 -104
51 18 -99
51 19 -93
51 20 -105
51 21 -111
51 22 -102
51 23 -100
51 25 -102
51 26 -101
51 28 -100
51 29 -102
51 30 -95
51 31 -101
51 32 -104
51 33 -99
51 34 -106
51 35 -106
51 36 -99
51 37 -98
51 38 -100
51 40 -104
51 41 -98
51 42 -102
51 44 -97
51 46 -100
51 47 -104
51 48 -88
51 50 -108
51 52 -101
51 53 -102
51 54 -98
51 55 -99
51 56 -107
51 59 -101
51 60 -101
51 62 -104
51 63 -102
51 64 -100
51 65 -95
51 66 -90
51 67 -96
51 68 -94
51 69 -98
51 70 -109
51 71 -94
51 72 -97
51 73 -99
51 74 -96
51 75 -98
51 76 -100
51 77 -98
51 78 -99
51 79 -108
51 81 -100
51 82 -102
51 83 -93
51 84 -100
51 86 -91
51 87 -94
51 88 -93
51 89 -99
51 90 -111
51 91 -94
51 92 -106
51 93 -105
51 94 -98
51 96 -106
51 97 -92
51 98 -106
51 99 -96
52 0 104
52 2 -102
52 3 -101
52 4 -104
52 5 -104
52 7 -97
52 8 -97
52 9 -94
52 10 105
52 11 -101
52 12 -100
52 13 -106
52 14 -97
52 16 -96
52 17 -99
52 18 -105
52 19 -106
52 20 -98
52 21 -98
52 23 -105
52 25 -107
52 28 -97
52 30 -97
52 31 -97
52 32 -112
52 33 -104
52 34 -94
52 35 -100
52 36 -96
52 37 -106
52 38 -102
52 39 -101
52 40 -101
52 41 -100
52 42 -104
52 43 -104
52 44 -93
52 45 -106
52 46 -101
52 47 -101
52 48 -107
52 49 -98
52 51 -107
52 53 -107
52 54 -102
52 57 -108
52 59 -94
52 60 -101
52 61 -109
52 62 -99
52 63 -102
52 64 -97
52 65 -112
52 66 -90
52 68 -107
52 69 -100
52 70 -101
52 75 -108
52 76 -102
52 77 -97
52 79 -100
52 80 -94
52 81 -97
52 83 -97
52 84 -97
52 85 99
52 86 -102
52 87 -99
52 88 -102
52 89 -102
52 91 -87
52 92 -115
52 93 -91
52 94 -101
52 95 -88
52 96 -105
52 98 -98
52 99 -92
53 0 -105
53 10 -104
53 12 -107
53 13 -96
53 14 -100
53 16 -114
53 17 -97
53 21 -98
53 22 -104
53 25 -97
53 27 -96
53 28 -93
53 37 -97
53 44 -91
53 45 -104
53 47 -95
53 48 -101
53 50 -104
53 52 -99
53 54 -106
53 56 -103
53 58 -95
53 61 -100
53 62 -106
53 69 -97
53 71 -100
53 73 -102
53 75 -103
53 77 -93
53 79 -101
53 80 -98
53 84 -103
53 89 -99
53 91 -93
53 93 -94
53 95 -97
53 96 -109
53 98 -108
54 3 -103
54 8 -95
54 9 -99
54 10 -97
54 13 -101
54 18 -96
54 21 -92
54 23 -102
54 27 -93
54 30 -105
54 31 -104
54 33 -94
54 34 -103
54 37 -102
54 40 -97
54 41 -94
54 45 -101
54 55 -101
54 56 -95
54 69 -104
54 72 -96
54 82 -102
54 86 -101
54 89 -95
54 91 -103
54 93 -88
54 96 -88
54 97 -96
54 98 -102
54 99 -108
55 0 -95
55 2 -102
55 3 -93
55 4 -98
55 5 -103
55 6 -104
55 7 -98
55 8 -97
55 9 -107
55 11 -93
55 12 -95
55 13 -103
55 15 -101
55 16 -92
55 17 -99
55 18 -96
55 19 -100
55 20 -106
55 21 -103
55 22 -98
55 24 -97
55 25 -97
55 26 -100
55 27 -102
55 28 -103
55 29 -100
55 30 -97
55 31 -101
55 32 -97
55 33 -95
55 34 -97
55 35 -101
55 36 -94
55 37 -97
55 38 -94
55 39 -99
55 40 -101
55 41 -99
55 42 -94
55 43 -105
55 44 -104
55 45 -103
55 46 -98
55 47 -97
55 48 -112
55 49 -100
55 50 -103
55 51 -95
55 52 -101
55 53 -97
55 56 -100
55 57 -102
55 58 -105
55 59 -97
55 60 -98
55 61 -95
55 62 -102
55 63 -108
55 64 -94
55 65 -104
55 66 -98
55 67 -103
55 68 -101
55 69 -101
55 70 -103
55 71 -97
55 72 -93
55 73 -102
55 75 -98
55 76 -95
55 78 -107
55 79 -97
55 82 -97
55 84 -94
55 85 -100
55 86 -101
55 87 -98
55 88 -94
55 89 -99
55 91 -97
55 92 -116
55 93 -99
55 94 -99
55 95 -100
55 96 -103
55 97 -95
55 98 -94
55 99 -104
56 6 -102
56 15 -100
56 21 -99
56 23 -100
56 25 -106
56 27 -98
56 29 -96
56 30 -101
56 32 -107
56 33 -100
56 36 -95
56 39 -97
56 40 -104
56 41 -111
56 42 -106
56 45 -93
56 50 -93
56 54 -96
56 55 -97
56 57 -98
56 58 -97
56 64 -90
56 68 106
56 75 -96
56 81 -95
56 84 -111
56 85 -97
56 87 -91
56 88 -93
56 90 -117
56 92 -85
56 98 -94
57 1 -102
57 15 -103
57 20 -100
57 31 -107
57 52 -93
57 63 -98
57 74 -93
57 75 -97
57 81 -107
57 83 -95
57 90 -100
57 95 -104
58 0 -98
58 10 -102
58 15 -99
58 24 -99
58 36 -98
58 43 -101
58 77 -99
58 83 -104
58 96 -91
59 23 -95
59 66 -94
59 76 -101
59 90 -97
60 0 -97
60 1 -96
60 2 -104
60 4 -95
60 5 -94
60 6 -104
60 7 -107
60 8 -97
60 9 -100
60 10 -100
60 11 -91
60 12 -97
60 14 -100
60 15 -105
60 16 -98
60 17 -105
60 18 -101
60 19 -103
60 20 -96
60 22 -98
60 23 -104
60 25 -101
60 26 -105
60 28 -97
60 29 -109
60 30 -105
60 31 -100
60 32 -110
60 33 -106
60 35 -99
60 37 -100
60 38 -97
60 40 -98
60 41 -101
60 42 -96
60 45 -99
60 46 -99
60 47 -100
60 48 -99
60 49 -99
60 50 -106
60 52 -86
60 53 -100
60 54 -103
60 55 -97
60 56 -104
60 57 -102
60 58 -103
60 59 -104
60 61 -103
60 62 -100
60 63 -95
60 64 -113
60 65 -96
60 66 -98
60 67 -108
60 68 -98
60 69 -99
60 70 -101
60 71 -104
60 72 -95
60 73 -97
60 74 -107
60 75 -101
60 76 -101
60 77 -97
60 78 -96
60 81 -99
60 82 -101
60 83 -103
60 84 -99
60 85 -96
60 86 -103
60 88 -88
60 89 -104
60 90 -103
60 91 -104
60 92 -104
60 93 -96
60 94 -101
60 95 -109
60 96 -102
60 97 -101
60 99 -91
61 0 -103
61 5 -100
61 7 -101
61 8 -95
61 10 -102
61 13 -90
61 16 -91
61 17 -95
61 19 -102
61 21 -97
61 22 -94
61 25 -104
61 27 -104
61 28 -100
61 30 -98
61 31 -101
61 32 -102
61 33 -104
61 35 -99
61 36 -98
61 37 -95
61 38 -108
61 39 -100
61 40 -96
61 42 -106
61 43 -104
61 44 -87
61 46 -103
61 49 -98
61 52 -103
61 53 -101
61 54 -110
61 55 -109
61 56 -102
61 64 -90
61 65 -99
61 66 -103
61 67 -101
61 68 -105
61 69 -99
61 70 -103
61 71 -103
61 72 -102
61 77 -107
61 78 -94
61 79 -94
61 80 -97
61 81 -100
61 82 -104
61 83 -90
61 84 -100
61 86 -98
61 87 -90
61 88 -104
61 89 -97
61 90 -93
61 92 -104
61 94 -107
61 96 -94
61 99 -97
62 2 -106
62 3 -102
62 9 -97
62 10 -93
62 11 -97
62 13 -104
62 14 -97
62 19 -99
62 21 -101
62 23 -113
62 24 -105
62 28 -96
62 33 -99
62 38 -99
62 39 -102
62 42 -99
62 43 -102
62 44 -112
62 45 -90
62 47 -100
62 54 -108
62 56 -97
62 60 -103
62 65 -98
62 66 -89
62 67 -93
62 69 -99
62 76 -96
62 77 -107
62 79 -104
62 81 -103
62 82 -108
62 83 -97
62 84 -99
62 85 -97
62 92 -97
62 93 -115
62 96 -101
62 98 -96
62 99 -100
63 0 -103
63 4 -98
63 5 -98
63 6 -100
63 8 -93
63 19 -94
63 20 -100
63 21 -100
63 22 -99
63 23 -106
63 25 -99
63 30 -98
63 31 -95
63 33 -102
63 34 -94
63 35 -98
63 38 -88
63 42 -97
63 44 -103
63 47 -103
63 49 -104
63 50 -101
63 52 -108
63 53 -105
63 60 -103
63 61 -102
63 64 -105
63 66 -93
63 69 -96
63 70 -100
63 72 -104
63 73 -99
63 74 -101
63 76 -92
63 81 -98
63 84 -99
63 85 -104
63 86 -106
63 89 -99
63 90 -98
63 96 -107
63 97 -102
63 99 -105
64 1 -102
64 2 -98
64 5 -100
64 6 -101
64 8 -96
64 9 -104
64 11 -93
64 13 -103
64 16 -107
64 19 -101
64 22 -98
64 28 -89
64 30 -100
64 38 -109
64 40 -104
64 42 -92
64 44 -94
64 45 -101
64 47 -103
64 49 -89
64 50 -104
64 51 -98
64 52 -103
64 56 -94
64 57 -96
64 59 -96
64 66 -98
64 70 -104
64 72 -102
64 74 -106
64 76 -100
64 81 -102
64 84 -103
64 85 -93
64 87 -98
64 90 -102
64 91 -104
64 92 -92
64 95 -102
64 96 -95
64 98 -93
64 99 -95
65 3 -97
65 4 -100
65 5 -94
65 7 -100
65 10 -96
65 15 -101
65 16 -100
65 19 -94
65 21 -101
65 22 -100
65 28 -101
65 30 -103
65 32 -105
65 34 -98
65 36 -101
65 40 -106
65 43 -101
65 47 -88
65 50 -96
65 57 -101
65 58 -97
65 59 -91
65 61 -97
65 63 -99
65 64 -102
65 66 -105
65 69 -95
65 70 -97
65 71 -97
65 73 -94
65 75 -97
65 76 -99
65 77 -95
65 79 -97
65 80 -99
65 81 -101
65 82 -106
65 83 -101
65 85 -90
65 93 -98
65 95 -106
65 96 -97
65 97 -101
66 4 -100
66 8 -93
66 10 -105
66 17 -108
66 18 -95
66 23 -94
66 24 -98
66 27 -105
66 28 -107
66 30 -99
66 37 -110
66 45 -92
66 46 -101
66 47 -96
66 48 -101
66 49 -96
66 51 -98
66 57 -111
66 61 -97
66 67 -89
66 70 -91
66 71 -100
66 72 -102
66 78 -105
66 86 -105
66 89 -98
66 92 -102
66 98 -99
67 1 -98
67 2 -97
67 3 -102
67 4 -93
67 5 -99
67 6 -101
67 7 -89
67 8 -102
67 9 -90
67 10 -98
67 11 -95
67 12 -85
67 15 -102
67 16 -105
67 17 -91
67 18 -102
67 19 -107
67 20 -106
67 21 -102
67 22 -105
67 23 -102
67 24 -97
67 25 -100
67 26 -97
67 27 -98
67 28 -95
67 29 -97
67 30 -101
67 31 -100
67 32 -95
67 33 -100
67 34 -92
67 35 -90
67 36 -107
67 40 -96
67 41 -95
67 42 -94
67 43 -98
67 44 -100
67 45 -105
67 48 -103
67 49 103
67 50 -96
67 51 -106
67 52 -91
67 53 -101
67 54 -104
67 55 -105
67 56 -102
67 57 -103
67 58 -96
67 59 -103
67 60 -96
67 61 -93
67 62 -98
67 63 -107
67 64 -97
67 65 -103
67 66 -99
67 68 -104
67 69 -99
67 72 -105
67 73 -93
67 74 -103
67 76 -105
67 78 -105
67 79 -98
67 80 -94
67 81 -103
67 82 -84
67 83 -102
67 84 -94
67 85 -106
67 86 -103
67 87 -98
67 88 -97
67 89 -93
67 90 -94
67 91 -95
67 92 -94
67 93 -97
67 94 -90
67 95 -95
67 96 -96
67 97 -104
67 98 -99
67 99 -92
68 0 -97
68 1 -102
68 2 -103
68 4 -101
68 5 -99
68 6 -96
68 7 -97
68 8 -94
68 9 -98
68 10 -96
68 11 -105
68 12 -98
68 13 -96
68 16 -94
68 17 -99
68 18 -102
68 20 -97
68 21 -101
68 22 -89
68 23 -101
68 24 -104
68 25 -102
68 26 -97
68 27 -96
68 28 -99
68 30 -90
68 31 -101
68 32 -88
68 33 -94
68 34 -99
68 35 -102
68 36 -96
68 37 -97
68 39 -105
68 40 -100
68 41 -97
68 42 -105
68 43 -100
68 45 -105
68 47 -97
68 49 -101
68 50 -103
68 51 -90
68 55 -103
68 56 -109
68 57 -107
68 58 -102
68 60 -96
68 61 -104
68 62 -104
68 65 -94
68 66 -98
68 69 -108
68 70 -104
68 71 -102
68 73 -107
68 74 -104
68 75 -94
68 78 -104
68 79 -106
68 80 -93
68 81 -94
68 82 -88
68 83 -103
68 84 -103
68 85 -104
68 87 -95
68 88 -100
68 90 -102
68 91 -102
68 92 -94
68 93 -101
68 94 -96
68 95 -105
68 96 -91
68 97 -94
68 98 -103
68 99 -106
69 0 -90
69 1 -96
69 2 -103
69 3 -100
69 4 -103
69 5 -99
69 6 -100
69 7 -93
69 8 -100
69 9 -102
69 10 -102
69 11 -104
69 12 -95
69 13 -101
69 14 -96
69 15 -104
69 16 -104
69 17 -102
69 18 -108
69 19 -99
69 20 -95
69 21 -100
69 22 -96
69 23 -99
69 24 -98
69 25 -105
69 26 -91
69 27 -101
69 28 -96
69 29 -100
69 30 -98
69 31 -100
69 32 -97
69 33 -98
69 34 -97
69 35 -108
69 36 -95
69 37 -97
69 38 -97
69 40 -92
69 41 -109
69 42 -96
69 43 -93
69 44 -94
69 45 -104
69 46 -104
69 47 -104
69 48 -102
69 49 -101
69 51 -95
69 52 -91
69 54 -100
69 55 -97
69 56 -96
69 57 -100
69 58 -104
69 59 -99
69 60 -93
69 61 -100
69 62 -98
69 64 -95
69 65 -112
69 66 -104
69 67 -106
69 70 -100
69 71 -106
69 72 -100
69 73 -98
69 74 -106
69 75 -93
69 76 -100
69 77 -94
69 78 -102
69 80 -107
69 82 -101
69 83 -103
69 84 -97
69 85 -97
69 86 -100
69 87 -93
69 88 -94
69 89 -99
69 90 -107
69 91 -101
69 92 -104
69 93 -105
69 94 -97
69 95 -103
69 96 -100
69 97 -112
69 98 -109
69 99 -96
70 2 -95
70 4 -91
70 5 -101
70 11 -103
70 12 -98
70 15 -103
70 18 -106
70 23 -94
70 25 -103
70 32 -115
70 34 -104
70 38 -100
70 39 -93
70 41 -97
70 46 -93
70 48 -97
70 49 -101
70 53 -102
70 57 -104
70 60 -99
70 61 -100
70 63 -109
70 67 -101
70 69 -100
70 71 -97
70 74 -94
70 75 -100
70 77 -98
70 79 -101
70 81 -93
70 89 -96
70 93 -100
70 96 -100
70 98 -101
70 99 -96
71 1 -102
71 2 -102
71 3 -102
71 4 -104
71 5 -89
71 6 -99
71 8 -102
71 11 -106
71 13 -93
71 14 -98
71 15 -92
71 17 -97
71 18 -100
71 19 -95
71 20 -90
71 21 -90
71 24 -94
71 25 -97
71 27 -100
71 28 -102
71 32 -91
71 34 -98
71 36 -90
71 37 -89
71 38 -99
71 40 -96
71 43 -100
71 44 -106
71 45 -100
71 48 -95
71 49 -103
71 50 -106
71 52 -100
71 53 -113
71 54 -100
71 55 -100
71 56 -103
71 59 -98
71 60 -100
71 61 -94
71 62 -99
71 64 -99
71 65 -94
71 68 -98
71 69 -102
71 72 -106
71 73 -94
71 74 -91
71 76 -104
71 77 -106
71 79 -97
71 80 -103
71 81 -109
71 82 -94
71 85 -97
71 86 -96
71 90 -103
71 91 -98
71 92 -101
71 96 -96
71 98 -96
71 99 -95
72 2 -106
72 3 -110
72 9 -101
72 11 -97
72 13 -97
72 24 -99
72 28 -105
72 36 -96
72 38 -100
72 42 -102
72 57 -99
72 63 -95
72 70 -112
72 79 -106
72 85 -106
72 92 -106
73 1 -102
73 3 -105
73 6 -100
73 7 -100
73 13 -101
73 14 -99
73 16 -104
73 20 -100
73 22 -100
73 27 -99
73 28 -92
73 29 -104
73 30 -101
73 32 -97
73 38 -97
73 43 -98
73 44 -100
73 45 -104
73 47 -101
73 49 -104
73 50 -97
73 51 -105
73 52 -107
73 53 -102
73 55 -104
73 56 -104
73 57 -97
73 59 -107
73 63 -104
73 69 -103
73 71 -111
73 78 -98
73 79 -108
73 80 -102
73 81 -93
73 82 -100
73 83 -95
73 84 -99
73 85 -100
73 89 -97
73 90 -93
73 91 -98
73 92 -96
73 95 -103
73 97 -104
73 98 -104
74 0 -96
74 1 -97
74 3 -99
74 4 -106
74 6 -111
74 7 -97
74 8 -107
74 10 -96
74 14 -110
74 15 -109
74 16 -100
74 18 -106
74 19 -100
74 20 -99
74 21 -91
74 22 -101
74 23 -102
74 24 -100
74 27 -97
74 28 -97
74 29 -102
74 31 -105
74 32 -102
74 33 -99
74 34 -100
74 35 -102
74 36 -92
74 37 -94
74 38 -104
74 39 -99
74 40 -102
74 41 -103
74 42 -96
74 44 -95
74 45 -102
74 46 -106
74 47 -99
74 48 -99
74 49 -109
74 50 -96
74 51 -106
74 53 -103
74 54 -97
74 56 -100
74 57 -102
74 58 -108
74 60 -100
74 61 -100
74 62 -93
74 63 -101
74 64 -102
74 65 -93
74 66 -102
74 67 -99
74 68 -104
74 69 -101
74 70 -97
74 71 -98
74 73 -100
74 75 -101
74 76 -98
74 77 -101
74 78 -96
74 79 -99
74 80 -97
74 81 -110
74 83 -97
74 84 -98
74 85 -105
74 86 -101
74 87 -97
74 88 -100
74 89 -95
74 90 -100
74 92 -96
74 93 -99
74 95 -98
74 96 -102
74 97 -96
74 98 -98
74 99 102
75 2 -88
75 3 -95
75 4 -100
75 5 -99
75 7 -96
75 8 -94
75 9 -93
75 10 -97
75 12 -95
75 15 -99
75 16 -105
75 17 -101
75 19 -98
75 20 -102
75 21 -98
75 22 -95
75 25 -107
75 28 -113
75 29 -102
75 30 -96
75 31 -103
75 33 -102
75 34 -100
75 35 -97
75 36 -94
75 40 -94
75 44 -88
75 48 -102
75 49 -106
75 50 -98
75 53 -101
75 54 -96
75 56 -101
75 60 -100
75 62 -102
75 66 -97
75 68 -100
75 70 -101
75 71 -100
75 73 -92
75 76 -95
75 81 -107
75 82 -93
75 85 -99
75 86 -91
75 87 -90
75 88 -103
75 90 -100
75 91 -100
75 92 -102
75 93 -101
75 94 -96
75 95 -102
75 96 -95
75 98 -110
76 2 -102
76 4 -103
76 5 -105
76 7 -101
76 8 -103
76 9 -102
76 10 -89
76 12 -88
76 16 -97
76 17 -97
76 19 -98
76 24 -99
76 30 -102
76 35 -101
76 36 -98
76 37 -102
76 39 -100
76 44 -98
76 45 -100
76 47 -100
76 51 -102
76 56 -89
76 58 -94
76 60 -99
76 62 -97
76 63 -103
76 65 -94
76 67 -102
76 68 -96
76 69 -95
76 70 -104
76 71 -101
76 75 -91
76 77 -100
76 79 -95
76 80 -92
76 82 -103
76 83 -98
76 84 -93
76 85 -103
76 88 -98
76 92 -102
76 93 -97
76 94 -95
76 96 -93
76 97 -94
76 98 -102
76 99 -104
77 5 -105
77 10 -96
77 15 -98
77 19 -110
77 26 -102
77 28 -100
77 31 -99
77 34 -105
77 38 -104
77 39 -107
77 49 -102
77 55 -104
77 59 -108
77 67 -95
77 68 -98
77 69 -96
77 70 -100
77 76 -92
77 83 -99
77 87 -100
77 89 -106
77 95 -100
78 0 -97
78 1 -109
78 2 -95
78 3 -102
78 4 -93
78 5 -101
78 6 -100
78 7 -87
78 8 -97
78 9 -99
78 11 -103
78 12 -99
78 13 -97
78 15 -103
78 16 -94
78 17 -95
78 18 103
78 19 -105
78 20 -100
78 23 -95
78 24 -104
78 25 -101
78 27 -107
78 28 -92
78 30 -106
78 31 -97
78 32 -103
78 34 -99
78 35 -110
78 37 -103
78 38 -100
78 39 -97
78 40 -104
78 42 -98
78 43 -107
78 44 -96
78 45 -104
78 46 -101
78 49 -99
78 50 -93
78 51 -107
78 52 -101
78 54 -103
78 55 -92
78 56 -99
78 58 -109
78 59 -101
78 60 -107
78 61 -105
78 62 -97
78 63 -97
78 64 -95
78 65 99
78 66 -106
78 67 -101
78 68 -90
78 69 -91
78 70 -99
78 71 -102
78 72 -105
78 73 -98
78 74 -99
78 75 -95
78 76 -94
78 81 -98
78 82 -98
78 85 -109
78 86 -98
78 88 -100
78 90 -104
78 91 -105
78 93 -94
78 94 -109
78 95 -101
78 96 -82
79 0 -99
79 1 -92
79 2 -87
79 6 -93
79 10 -87
79 11 -92
79 12 -110
79 14 -104
79 15 -100
79 17 -107
79 18 -100
79 19 -92
79 21 -98
79 25 -100
79 26 -102
79 27 -95
79 28 -99
79 30 -94
79 31 -90
79 32 -100
79 33 -91
79 34 -95
79 35 -98
79 39 -96
79 40 -99
79 42 -97
79 43 -107
79 46 -95
79 49 -98
79 50 -102
79 51 -105
79 52 -112
79 54 -96
79 55 -99
79 56 -102
79 57 -103
79 58 -94
79 60 -102
79 66 -105
79 70 -100
79 73 -109
79 75 -101
79 76 -95
79 77 -97
79 85 -98
79 88 -98
79 90 -95
79 91 -94
79 92 -104
79 95 -100
79 96 -103
79 98 -109
79 99 -101
80 0 -97
80 1 -84
80 2 -92
80 3 -104
80 4 -104
80 5 -96
80 6 -95
80 7 -105
80 8 -103
80 9 -97
80 10 -94
80 11 -92
80 12 -105
80 13 -98
80 14 -104
80 15 -102
80 16 -91
80 17 -102
80 18 -100
80 19 -101
80 20 -108
80 21 -90
80 22 -101
80 23 -112
80 24 -96
80 25 -108
80 26 -94
80 27 -98
80 28 -97
80 29 -101
80 30 -101
80 31 -101
80 32 -98
80 33 -103
80 34 -91
80 35 -101
80 36 -101
80 37 -99
80 38 -101
80 39 -100
80 40 -99
80 41 -101
80 42 -104
80 43 -102
80 44 -103
80 45 -101
80 46 -107
80 47 -101
80 48 107
80 49 -92
80 50 -96
80 51 -100
80 52 -99
80 53 -95
80 54 -92
80 55 -101
80 56 -89
80 57 -97
80 58 -95
80 59 -93
80 60 -102
80 61 -104
80 62 -102
80 63 -92
80 64 -100
80 65 -102
80 66 -92
80 67 -100
80 68 -93
80 69 -95
80 70 -97
80 71 -96
80 72 -99
80 73 -102
80 74 -103
80 75 -100
80 76 99
80 77 -104
80 78 -103
80 79 -101
80 81 -105
80 82 99
80 83 -94
80 84 -93
80 85 -94
80 86 -104
80 87 -92
80 88 -89
80 89 -99
80 90 -97
80 91 -110
80 92 -101
80 93 -95
80 94 -89
80 95 -97
80 96 -98
80 97 -99
80 98 -103
80 99 -97
81 2 -98
81 24 -97
81 32 -104
81 33 -95
81 45 -104
81 57 -99
81 71 -114
81 94 -101
82 0 -95
82 1 -95
82 3 -100
82 4 -102
82 5 -98
82 6 -101
82 7 -105
82 8 -85
82 9 -102
82 10 -96
82 11 -102
82 12 -100
82 13 -108
82 14 -107
82 15 -101
82 16 -102
82 17 -84
82 18 -104
82 19 -96
82 20 -100
82 21 -111
82 22 -101
82 23 -97
82 24 -106
82 25 -92
82 26 -106
82 27 -99
82 28 -103
82 29 -94
82 30 -107
82 31 -102
82 32 107
82 33 -98
82 34 -96
82 35 -88
82 36 -97
82 37 -101
82 38 -108
82 39 -110
82 40 -107
82 42 -101
82 43 -100
82 44 -100
82 45 -95
82 46 -94
82 47 -99
82 48 -102
82 50 -103
82 51 -101
82 52 -97
82 53 -108
82 54 -88
82 55 -102
82 56 -104
82 57 -100
82 59 -96
82 60 -96
82 61 -101
82 62 -108
82 63 -98
82 64 -104
82 65 -95
82 66 -102
82 67 -93
82 68 -106
82 69 -92
82 70 -96
82 71 -89
82 72 -102
82 73 -100
82 74 -93
82 75 -100
82 76 -95
82 77 -104
82 78 -102
82 79 -97
82 80 -100
82 81 -102
82 83 -106
82 85 -104
82 86 -108
82 87 -98
82 88 -106
82 89 -96
82 90 -103
82 91 -101
82 92 -101
82 93 102
82 94 -103
82 95 -103
82 96 -95
82 97 -95
82 98 -108
82 99 -104
83 0 -96
83 1 -96
83 2 -105
83 3 -92
83 4 -102
83 5 -95
83 6 -92
83 7 -110
83 8 -110
83 9 -100
83 10 -90
83 11 -98
83 13 -98
83 14 -99
83 15 -96
83 16 -105
83 17 -98
83 20 -103
83 21 -101
83 22 -101
83 23 -99
83 25 -100
83 26 -105
83 27 -101
83 28 -105
83 29 -98
83 30 -97
83 33 -98
83 34 -105
83 36 -100
83 38 -109
83 39 -96
83 40 -93
83 41 -93
83 42 -98
83 43 -95
83 44 -99
83 45 -100
83 46 -108
83 47 -96
83 48 -94
83 50 -98
83 52 -98
83 54 -97
83 55 -101
83 56 -105
83 58 -102
83 60 -100
83 61 -101
83 62 -94
83 63 -104
83 64 -92
83 65 -91
83 66 -99
83 68 -91
83 69 -95
83 70 -94
83 71 -95
83 72 -103
83 73 -99
83 74 -94
83 75 -88
83 76 -103
83 77 -102
83 80 -99
83 82 -95
83 84 -110
83 85 -102
83 86 -103
83 87 -104
83 88 -101
83 90 -107
83 91 -95
83 92 -95
83 93 -104
83 95 -97
83 97 -108
83 98 -106
84 1 -97
84 2 -102
84 4 -99
84 6 -105
84 7 -94
84 9 -105
84 10 -104
84 11 -98
84 12 -103
84 13 -102
84 14 -97
84 15 -93
84 17 -109
84 21 -108
84 22 -97
84 23 -94
84 25 -101
84 26 -98
84 27 -97
84 28 101
84 29 -93
84 32 -99
84 33 -93
84 35 -99
84 39 -108
84 45 -104
84 46 -93
84 50 -98
84 51 -99
84 52 -100
84 53 -97
84 54 -94
84 55 -89
84 56 -96
84 58 -110
84 59 -103
84 61 -107
84 62 -98
84 63 -100
84 64 -96
84 65 -100
84 66 -92
84 67 -101
84 68 -100
84 69 -103
84 74 -106
84 75 -100
84 76 -99
84 77 -95
84 79 -101
84 80 -109
84 86 -95
84 87 -108
84 88 -104
84 90 -97
84 91 -106
84 93 -104
84 95 -96
84 96 -90
84 97 -97
84 98 -103
84 99 -93
85 0 -96
85 2 -97
85 3 -100
85 4 -95
85 5 -99
85 6 -105
85 7 -92
85 8 -99
85 9 -94
85 11 -90
85 12 -100
85 13 -99
85 14 -99
85 15 -96
85 18 -99
85 20 -100
85 21 -103
85 22 -95
85 23 -98
85 24 -104
85 25 -103
85 27 -93
85 28 -94
85 29 -98
85 30 -95
85 33 -100
85 35 -106
85 36 -99
85 37 -106
85 38 -100
85 39 -94
85 41 -100
85 42 -99
85 44 -101
85 47 -105
85 48 -90
85 49 -95
85 50 -106
85 51 -96
85 52 -107
85 53 -100
85 54 -93
85 57 -106
85 58 -101
85 59 -99
85 60 -99
85 61 -100
85 62 -103
85 63 -94
85 64 -103
85 65 -104
85 66 -93
85 68 -93
85 69 -98
85 70 -98
85 72 -96
85 73 -106
85 74 -103
85 76 -92
85 77 -92
85 78 -98
85 79 -98
85 80 -96
85 81 -94
85 83 -106
85 84 -104
85 86 -103
85 87 -102
85 88 -106
85 89 -101
85 90 -96
85 91 -101
85 92 -106
85 93 -85
85 94 -99
85 95 -97
85 96 -97
85 97 -96
85 98 -104
86 2 -96
86 3 -97
86 4 -93
86 11 -98
86 13 -96
86 14 -95
86 17 -98
86 18 -103
86 20 -103
86 21 -99
86 27 -96
86 31 -97
86 32 -96
86 35 -106
86 39 -94
86 40 -93
86 43 -93
86 45 -106
86 48 -99
86 51 -93
86 58 -100
86 62 -105
86 67 -91
86 74 -107
86 76 -103
86 77 -102
86 85 -106
86 87 -94
86 93 -103
87 1 -92
87 2 -100
87 3 -101
87 4 -97
87 5 -102
87 7 -98
87 8 -95
87 10 -93
87 11 -106
87 12 -92
87 13 -97
87 14 -106
87 16 -102
87 17 -102
87 18 -92
87 19 -100
87 20 -101
87 22 -99
87 23 -97
87 26 -100
87 27 -101
87 28 -94
87 29 -94
87 30 -93
87 31 -95
87 32 -101
87 35 -99
87 37 -104
87 38 -96
87 41 -92
87 45 -102
87 46 -98
87 48 -95
87 50 -103
87 51 -103
87 52 -103
87 54 -98
87 55 -104
87 56 -96
87 59 -99
87 60 -101
87 62 -95
87 64 -92
87 65 -94
87 66 -103
87 67 -98
87 69 -93
87 70 -89
87 73 -105
87 74 -104
87 75 -96
87 76 -99
87 77 -92
87 78 -97
87 79 -95
87 80 -94
87 81 -98
87 82 -93
87 83 -102
87 89 -102
87 90 -97
87 91 -100
87 94 -96
87 96 -98
87 97 -98
87 98 -98
88 3 -96
88 10 -100
88 11 -97
88 15 -101
88 20 -99
88 23 -96
88 28 -104
88 30 -96
88 34 -98
88 37 -98
88 42 -104
88 51 -97
88 55 -96
88 73 -95
88 79 -101
88 82 -105
89 0 -99
89 1 -93
89 2 -106
89 4 -105
89 5 -110
89 6 -95
89 7 -102
89 9 -104
89 11 -99
89 12 -98
89 13 -94
89 14 -98
89 15 -102
89 16 -101
89 17 -102
89 18 -101
89 19 -104
89 22 -89
89 23 102
89 24 -98
89 28 -91
89 32 -104
89 33 -100
89 34 -98
89 35 -98
89 38 -99
89 39 -93
89 40 -102
89 41 -93
89 42 -98
89 43 -101
89 44 -102
89 45 -93
89 46 -99
89 47 -103
89 48 -100
89 50 -99
89 51 -102
89 53 -102
89 55 -101
89 56 -107
89 57 -100
89 58 -101
89 59 -97
89 60 -98
89 61 -102
89 62 -94
89 63 -99
89 66 -102
89 67 -101
89 68 -102
89 70 -105
89 72 -96
89 76 -96
89 77 -98
89 78 -100
89 79 -100
89 80 -99
89 81 -102
89 85 -91
89 86 -106
89 87 -101
89 88 -97
89 90 -102
89 91 -99
89 92 -99
89 93 -98
89 94 -89
89 95 -100
89 96 -104
89 97 -100
89 99 -100
90 9 -101
90 10 -106
90 11 -87
90 12 -101
90 15 -96
90 16 -102
90 17 -91
90 19 -101
90 20 -98
90 22 -98
90 28 -94
90 29 -98
90 31 -93
90 32 -96
90 33 -105
90 34 -101
90 35 -98
90 37 -98
90 38 -96
90 39 -107
90 40 -97
90 46 -98
90 48 -90
90 49 -103
90 55 -102
90 56 -101
90 59 -104
90 61 -103
90 63 -92
90 64 -97
90 65 -96
90 66 -109
90 68 -108
90 70 -103
90 73 -97
90 75 -110
90 79 -101
90 81 -92
90 85 -93
90 86 -104
90 87 -100
90 88 -100
90 89 -93
90 91 -103
90 93 -95
90 95 -102
90 99 -98
91 0 -96
91 3 -101
91 4 -98
91 10 -111
91 11 -101
91 12 -100
91 13 -93
91 19 -92
91 23 -108
91 26 -104
91 27 -98
91 28 -96
91 29 -91
91 30 -100
91 31 -108
91 33 -107
91 34 -98
91 35 -104
91 36 -105
91 37 -101
91 40 -101
91 41 -113
91 42 -103
91 43 -107
91 44 -96
91 45 -96
91 46 -96
91 50 -95
91 52 -99
91 53 -98
91 55 -99
91 56 -105
91 58 -97
91 59 -96
91 60 -102
91 64 -117
91 65 -100
91 66 -91
91 67 -107
91 68 -94
91 70 -98
91 73 -94
91 74 -100
91 75 -100
91 77 -99
91 78 -99
91 82 -101
91 83 -102
91 86 -105
91 87 -98
91 88 -101
91 90 97
91 92 -102
91 93 -100
91 94 -99
91 95 -97
91 96 -106
91 97 -112
91 99 -103
92 0 -101
92 2 -100
92 5 -90
92 6 -101
92 7 -98
92 8 -96
92 12 -103
92 13 -106
92 14 -103
92 15 -111
92 17 -107
92 20 -103
92 21 -100
92 24 -104
92 25 -98
92 29 -93
92 30 -101
92 31 -98
92 32 -109
92 35 -96
92 37 -103
92 38 -92
92 39 -101
92 40 -93
92 42 -93
92 46 -101
92 48 -101
92 49 -97
92 50 -99
92 51 -101
92 53 -98
92 54 102
92 55 -104
92 56 -104
92 57 -97
92 59 -97
92 60 -103
92 61 -108
92 62 -96
92 63 -98
92 65 -96
92 66 -95
92 67 -102
92 69 -94
92 70 -93
92 71 -99
92 73 -106
92 75 -102
92 78 -93
92 79 -107
92 80 -96
92 83 -95
92 84 -100
92 85 -99
92 86 -94
92 87 -97
92 88 -96
92 90 -103
92 91 -92
92 94 -102
92 96 -101
92 98 -101
92 99 -90
93 0 -97
93 1 -100
93 7 -106
93 9 -95
93 12 -94
93 13 -99
93 15 -94
93 20 -99
93 21 -99
93 23 -97
93 24 -99
93 25 -106
93 26 -94
93 32 -96
93 33 -98
93 34 -111
93 35 -95
93 36 -95
93 37 -99
93 38 -103
93 45 -89
93 46 -101
93 47 -101
93 49 -108
93 52 -96
93 53 -101
93 54 -100
93 55 -103
93 57 -104
93 60 -100
93 63 -105
93 64 -99
93 65 -97
93 66 -94
93 67 -100
93 68 -96
93 69 -103
93 71 -98
93 74 -95
93 76 -95
93 78 -100
93 80 -105
93 84 -98
93 86 -96
93 87 -109
93 88 -96
93 89 -95
93 90 -91
93 92 -99
93 95 -97
93 96 -104
93 98 -104
93 99 -96
94 4 -94
94 11 -99
94 17 -96
94 21 -95
94 23 -97
94 25 -104
94 26 -99
94 35 -94
94 36 -104
94 37 -96
94 38 -104
94 43 -99
94 44 -100
94 46 -87
94 47 -106
94 48 -100
94 50 -101
94 55 -90
94 59 -102
94 61 -101
94 64 -103
94 65 -97
94 70 -104
94 74 -104
94 75 -100
94 76 -102
94 79 -103
94 80 -105
94 86 -103
94 91 -106
94 96 -105
95 0 -97
95 1 -107
95 3 -93
95 4 -93
95 5 -98
95 6 -100
95 7 -94
95 8 -94
95 9 -98
95 10 -104
95 11 -99
95 12 -98
95 13 -84
95 15 -99
95 17 -97
95 18 -100
95 20 -106
95 21 -102
95 22 -106
95 23 -106
95 24 -100
95 26 -87
95 27 -97
95 28 -95
95 29 -99
95 30 -108
95 31 -92
95 32 -95
95 33 -105
95 34 -95
95 35 -99
95 36 -96
95 37 -99
95 38 -87
95 40 -94
95 41 -96
95 42 -104
95 43 -100
95 44 -104
95 45 -91
95 48 -99
95 49 -105
95 50 -94
95 51 -97
95 52 -111
95 53 -101
95 54 -100
95 55 -91
95 56 -100
95 57 -100
95 58 -103
95 59 -97
95 60 111
95 61 -100
95 62 -97
95 63 -104
95 64 -98
95 65 -99
95 66 -102
95 67 -104
95 70 -101
95 71 -107
95 73 -106
95 74 -103
95 75 -105
95 76 -94
95 77 -100
95 78 -97
95 79 -104
95 81 -96
95 82 -107
95 84 -98
95 85 -103
95 87 -99
95 88 -102
95 89 -101
95 90 -101
95 91 -106
95 92 -92
95 93 -92
95 94 -101
95 96 -93
95 97 -98
95 98 -99
95 99 -104
96 0 -98
96 1 -95
96 2 -97
96 3 -98
96 4 -91
96 10 -93
96 13 -101
96 14 -102
96 15 -93
96 17 -100
96 18 -94
96 19 -97
96 20 -99
96 21 -104
96 22 -97
96 23 -113
96 24 -93
96 25 -94
96 27 -104
96 29 -99
96 31 -101
96 32 -92
96 33 -95
96 35 -102
96 37 -93
96 38 -106
96 41 -100
96 42 -99
96 43 -94
96 44 -98
96 46 -105
96 52 -99
96 53 -96
96 54 -96
96 55 -94
96 56 -111
96 57 -106
96 60 -103
96 61 -99
96 62 -99
96 63 -98
96 64 -99
96 66 -87
96 67 -104
96 68 -97
96 69 -98
96 70 -107
96 71 -99
96 73 -102
96 75 -97
96 76 -100
96 77 -90
96 78 -101
96 79 -96
96 80 -103
96 81 -101
96 82 -99
96 86 -105
96 87 -94
96 88 -105
96 90 -105
96 91 -101
96 92 -93
96 95 -105
96 97 -102
96 98 -97
96 99 98
97 2 -97
97 3 -96
97 4 -92
97 5 -105
97 6 -87
97 8 -105
97 9 -104
97 11 -103
97 13 -93
97 15 -93
97 20 -94
97 21 -98
97 22 -95
97 24 -106
97 25 -98
97 26 -96
97 27 -110
97 28 -97
97 35 -103
97 39 -102
97 40 -99
97 41 -104
97 42 -95
97 43 -101
97 44 -109
97 46 -96
97 49 -102
97 53 -103
97 54 -94
97 57 -106
97 58 -102
97 59 -96
97 62 -102
97 63 -98
97 64 -96
97 65 -101
97 70 -101
97 78 -91
97 81 -102
97 83 -97
97 84 -100
97 85 -104
97 86 -101
97 87 -98
97 88 -100
97 90 -105
97 91 -100
97 92 -99
97 94 -102
97 96 -93
97 98 -100
97 99 -97
98 1 -91
98 14 -98
98 23 -104
98 29 -104
98 39 -102
98 42 -97
98 50 -101
98 79 -101
98 80 -99
98 81 -110
99 0 -103
99 2 -96
99 5 -104
99 7 -107
99 8 -98
99 9 -102
99 12 -101
99 13 -95
99 15 -104
99 16 -98
99 18 -99
99 19 -103
99 21 -94
99 22 -109
99 23 -94
99 26 -102
99 28 -98
99 29 -101
99 32 -111
99 36 -104
99 39 -99
99 40 -98
99 41 -99
99 46 -98
99 48 -100
99 49 -100
99 50 -96
99 52 -102
99 53 -94
99 56 -98
99 57 -97
99 60 -99
99 62 -90
99 64 -106
99 67 -95
99 69 -97
99 71 -99
99 72 -99
99 73 -99
99 74 -101
99 76 -106
99 77 104
99 78 -95
99 80 -107
99 82 -97
99 85 -98
99 88 -102
99 89 -95
99 91 -106
99 95 -107
99 96 -99
99 98 -94
