100 4881
0 1 93
0 2 97
0 3 99
0 4 102
0 5 100
0 6 102
0 7 101
0 8 103
0 9 99
0 10 87
0 11 98
0 12 94
0 13 100
0 14 102
0 15 103
0 16 101
0 17 103
0 18 99
0 19 105
0 20 102
0 21 109
0 22 103
0 23 95
0 24 110
0 25 91
0 26 106
0 27 98
0 28 97
0 29 104
0 30 102
0 31 106
0 32 92
0 33 101
0 34 94
0 35 106
0 36 109
0 37 102
0 38 107
0 39 104
0 40 99
0 41 98
0 42 89
0 43 100
0 44 94
0 45 107
0 46 103
0 47 106
0 48 99
0 49 97
0 50 101
0 51 91
0 52 105
0 53 109
0 54 109
0 55 96
0 56 98
0 57 98
0 58 92
0 59 98
0 60 99
0 61 91
0 62 92
0 63 105
0 64 97
0 65 99
0 66 100
0 67 103
0 68 96
0 69 103
0 70 98
0 72 101
0 73 98
0 74 100
0 75 98
0 76 100
0 77 104
0 78 105
0 79 93
0 80 107
0 82 103
0 83 99
0 84 94
0 85 99
0 86 92
0 87 98
0 88 95
0 89 96
0 90 101
0 91 97
0 92 96
0 93 105
0 94 95
0 95 101
0 96 92
0 97 100
0 98 101
0 99 100
1 3 108
1 7 105
1 9 89
1 12 97
1 13 99
1 14 94
1 15 107
1 18 102
1 19 98
1 20 92
1 22 103
1 25 109
1 26 98
1 27 96
1 28 108
1 31 97
1 32 101
1 34 106
1 38 98
1 39 93
1 41 103
1 44 98
1 46 105
1 48 94
1 51 97
1 52 98
1 53 103
1 57 92
1 58 100
1 59 103
1 60 91
1 61 103
1 62 101
1 63 98
1 64 100
1 66 104
1 68 88
1 73 94
1 76 103
1 78 101
1 79 97
1 81 98
1 83 108
1 84 98
1 89 100
1 90 99
1 91 94
1 92 103
1 95 105
1 97 110
2 1 97
2 13 98
2 19 94
2 23 96
2 25 97
2 32 97
2 52 98
2 55 93
2 57 105
2 58 99
2 59 89
2 67 98
2 68 107
2 69 106
2 70 103
2 72 105
2 76 107
2 84 101
2 85 99
2 86 93
2 89 104
2 90 92
3 0 100
3 1 97
3 5 101
3 6 94
3 9 88
3 11 94
3 15 101
3 16 104
3 17 101
3 18 107
3 19 107
3 20 108
3 21 105
3 24 91
3 27 100
3 28 96
3 29 91
3 30 105
3 31 88
3 33 97
3 34 106
3 36 106
3 37 98
3 38 100
3 40 97
3 41 90
3 43 105
3 44 98
3 45 99
3 46 105
3 47 99
3 48 107
3 49 107
3 50 108
3 51 105
3 52 107
3 54 106
3 55 102
3 56 104
3 58 93
3 59 105
3 60 100
3 61 92
3 62 102
3 63 95
3 64 106
3 65 99
3 66 101
3 67 90
3 70 100
3 71 102
3 73 115
3 74 104
3 76 96
3 77 99
3 79 99
3 81 96
3 83 109
3 84 99
3 87 93
3 89 101
3 90 105
3 91 107
3 92 103
3 93 100
3 95 93
3 96 94
3 97 103
3 98 96
3 99 101
4 2 98
4 3 99
4 31 100
4 33 102
4 48 100
4 64 102
4 95 95
5 0 100
5 1 103
5 11 97
5 12 99
5 16 88
5 24 100
5 28 103
5 37 98
5 44 84
5 46 93
5 51 101
5 52 100
5 65 92
5 92 96
5 98 87
6 0 104
6 1 100
6 2 105
6 3 94
6 4 100
6 5 105
6 7 100
6 8 94
6 9 105
6 10 105
6 11 103
6 12 106
6 13 99
6 14 94
6 15 90
6 16 101
6 17 101
6 18 101
6 19 107
6 20 90
6 21 95
6 22 98
6 23 93
6 24 101
6 25 104
6 26 96
6 27 94
6 28 103
6 29 97
6 30 104
6 31 104
6 32 99
6 33 95
6 34 106
6 35 99
6 36 103
6 37 94
6 38 95
6 39 96
6 40 103
6 41 96
6 43 100
6 44 100
6 46 100
6 47 109
6 48 109
6 49 96
6 50 95
6 51 91
6 52 98
6 53 98
6 54 101
6 55 96
6 56 106
6 57 97
6 58 95
6 59 108
6 60 94
6 61 98
6 62 103
6 63 106
6 64 94
6 65 97
6 66 94
6 68 97
6 69 96
6 70 98
6 71 97
6 72 111
6 73 100
6 74 105
6 75 106
6 76 106
6 77 100
6 78 99
6 79 99
6 80 96
6 81 90
6 82 101
6 83 86
6 84 100
6 85 102
6 86 96
6 87 100
6 88 105
6 90 96
6 91 102
6 93 100
6 94 96
6 95 102
6 96 110
6 97 96
6 98 112
6 99 100
7 3 97
7 6 100
7 15 98
7 19 97
7 26 99
7 27 103
7 28 104
7 33 98
7 36 102
7 40 102
7 41 101
7 47 104
7 54 103
7 61 102
7 64 99
7 70 100
7 72 92
7 80 101
7 83 96
7 85 106
7 88 89
7 89 98
7 91 100
7 95 89
8 1 104
8 2 95
8 4 102
8 6 98
8 7 94
8 11 103
8 14 111
8 15 92
8 16 102
8 17 96
8 18 95
8 19 99
8 20 104
8 21 98
8 22 100
8 25 95
8 29 104
8 33 91
8 35 103
8 36 98
8 38 98
8 39 102
8 40 98
8 41 99
8 42 103
8 47 103
8 49 104
8 50 101
8 51 92
8 52 93
8 53 95
8 54 98
8 55 103
8 56 96
8 58 109
8 59 99
8 60 97
8 62 97
8 65 93
8 66 98
8 67 98
8 70 99
8 71 95
8 73 96
8 74 102
8 75 99
8 76 91
8 77 109
8 78 99
8 79 94
8 80 104
8 82 93
8 84 103
8 86 101
8 89 95
8 90 97
8 92 98
8 93 99
8 94 105
8 95 94
8 96 103
8 98 99
8 99 96
9 3 101
9 7 92
9 11 104
9 12 106
9 15 94
9 17 92
9 18 103
9 21 87
9 23 101
9 25 100
9 31 98
9 35 96
9 37 98
9 41 100
9 49 108
9 53 92
9 56 103
9 58 107
9 60 92
9 63 96
9 64 95
9 65 99
9 67 108
9 71 92
9 82 93
9 84 105
9 87 101
9 89 98
9 96 96
10 3 100
10 4 101
10 5 89
10 6 94
10 7 101
10 8 99
10 9 102
10 11 105
10 12 104
10 14 98
10 15 109
10 16 107
10 17 103
10 19 92
10 20 98
10 22 101
10 24 98
10 25 103
10 27 103
10 28 103
10 29 103
10 30 103
10 31 102
10 33 101
10 35 97
10 36 95
10 37 100
10 38 98
10 39 100
10 41 100
10 42 110
10 43 98
10 44 111
10 45 105
10 46 113
10 47 102
10 49 99
10 50 104
10 51 94
10 53 101
10 54 88
10 55 98
10 56 98
10 57 96
10 58 111
10 59 108
10 60 108
10 61 103
10 62 92
10 63 94
10 64 103
10 65 100
10 67 98
10 68 95
10 69 101
10 70 101
10 71 102
10 72 104
10 73 104
10 74 97
10 76 99
10 77 106
10 78 93
10 80 97
10 81 96
10 82 103
10 83 91
10 84 107
10 86 95
10 87 98
10 88 97
10 90 107
10 91 103
10 93 102
10 95 106
10 96 95
10 97 100
10 98 93
11 0 101
11 3 101
11 7 101
11 21 93
11 27 93
11 28 108
11 29 103
11 34 99
11 36 98
11 43 99
11 45 100
11 47 101
11 49 107
11 50 103
11 51 103
11 57 106
11 61 92
11 62 98
11 63 103
11 68 88
11 69 95
11 71 97
11 73 103
11 77 95
11 84 89
11 85 94
11 86 107
11 87 97
11 91 101
11 96 93
12 1 92
12 4 100
12 8 89
12 9 106
12 18 99
12 23 112
12 25 96
12 28 93
12 29 98
12 31 88
12 36 86
12 40 98
12 44 107
12 45 95
12 53 103
12 56 93
12 60 104
12 63 102
12 64 104
12 65 102
12 67 108
12 70 99
12 71 98
12 72 103
12 73 99
12 74 94
12 76 94
12 77 102
12 80 99
12 83 101
12 84 99
12 88 107
12 90 105
12 95 102
13 0 98
13 3 97
13 4 98
13 9 100
13 10 108
13 12 101
13 16 96
13 19 108
13 22 96
13 26 98
13 27 113
13 29 97
13 34 100
13 35 98
13 38 100
13 42 99
13 46 99
13 47 103
13 49 106
13 52 104
13 58 111
13 62 97
13 65 98
13 73 99
13 74 98
13 77 98
13 78 108
13 82 97
13 83 97
13 86 98
13 95 103
13 96 105
13 97 101
14 5 98
14 10 95
14 19 98
14 25 104
14 30 97
14 36 107
14 49 101
14 53 99
14 60 104
14 64 99
14 74 98
14 96 101
14 98 98
14 99 96
15 4 99
15 6 107
15 12 96
15 18 107
15 20 93
15 22 101
15 23 97
15 36 102
15 38 97
15 52 105
15 58 89
15 60 97
15 63 101
15 65 102
15 88 98
15 95 106
15 98 97
15 99 99
16 2 97
16 3 100
16 7 94
16 8 102
16 14 95
16 15 101
16 18 99
16 25 103
16 28 93
16 31 112
16 37 99
16 40 92
16 41 103
16 42 100
16 43 97
16 44 97
16 45 99
16 47 101
16 53 97
16 56 94
16 58 100
16 62 100
16 64 97
16 66 105
16 67 98
16 70 101
16 75 95
16 80 109
16 81 97
16 83 91
16 86 90
16 88 92
16 91 99
16 96 97
16 99 99
17 3 104
17 5 105
17 6 109
17 11 99
17 13 96
17 15 92
17 16 101
17 19 98
17 20 93
17 25 101
17 27 101
17 28 97
17 29 104
17 30 95
17 32 98
17 33 99
17 37 98
17 38 100
17 39 97
17 40 98
17 42 101
17 44 102
17 48 101
17 49 101
17 51 97
17 58 94
17 62 105
17 64 100
17 68 98
17 71 103
17 73 106
17 76 98
17 77 103
17 78 104
17 79 104
17 80 104
17 84 93
17 87 97
17 89 104
17 93 104
17 95 92
17 99 100
18 0 111
18 2 104
18 6 99
18 10 98
18 11 108
18 12 99
18 14 108
18 17 95
18 19 98
18 22 92
18 23 105
18 25 96
18 26 97
18 29 101
18 30 96
18 33 103
18 36 93
18 39 104
18 42 100
18 43 92
18 45 95
18 51 102
18 54 97
18 55 98
18 56 92
18 57 100
18 60 106
18 63 100
18 65 94
18 67 102
18 69 96
18 70 102
18 82 101
18 85 106
18 86 107
19 4 104
19 5 89
19 8 111
19 10 106
19 11 97
19 14 94
19 15 102
19 16 100
19 17 101
19 23 93
19 24 106
19 25 95
19 26 108
19 28 111
19 29 97
19 31 101
19 32 102
19 36 95
19 38 104
19 40 104
19 41 96
19 43 98
19 44 94
19 47 106
19 48 97
19 50 99
19 51 105
19 53 98
19 54 97
19 55 99
19 57 96
19 61 95
19 62 96
19 63 109
19 72 101
19 73 96
19 75 96
19 77 96
19 78 104
19 80 99
19 85 100
19 86 102
19 88 97
19 89 100
19 90 106
19 91 104
19 94 102
19 95 103
19 96 100
19 98 104
20 0 96
20 2 93
20 3 91
20 4 87
20 5 110
20 6 99
20 8 102
20 9 96
20 10 102
20 11 97
20 12 92
20 13 90
20 14 102
20 15 104
20 16 96
20 18 99
20 19 96
20 21 104
20 23 100
20 24 103
20 26 96
20 27 100
20 28 105
20 29 99
20 30 106
20 31 99
20 32 92
20 33 105
20 34 96
20 37 92
20 38 101
20 39 93
20 40 100
20 41 95
20 44 95
20 46 105
20 47 89
20 48 103
20 49 103
20 51 105
20 52 96
20 53 104
20 54 97
20 55 96
20 56 108
20 57 100
20 58 95
20 59 95
20 60 101
20 61 106
20 62 101
20 63 95
20 64 100
20 65 100
20 68 93
20 69 100
20 70 103
20 71 107
20 72 102
20 74 105
20 75 90
20 76 99
20 77 94
20 79 99
20 80 101
20 81 93
20 82 100
20 83 105
20 84 98
20 85 105
20 87 98
20 89 107
20 90 102
20 91 95
20 93 98
20 94 95
20 95 98
20 96 103
20 97 97
20 98 87
20 99 101
21 25 94
21 37 98
21 78 101
22 1 102
22 3 93
22 6 107
22 7 104
22 9 104
22 15 98
22 19 99
22 27 100
22 28 96
22 29 104
22 30 102
22 34 101
22 37 107
22 38 106
22 39 92
22 44 98
22 45 99
22 46 95
22 47 107
22 49 103
22 50 96
22 51 100
22 54 98
22 56 98
22 58 99
22 59 100
22 60 95
22 63 105
22 64 96
22 66 97
22 67 100
22 69 100
22 70 107
22 72 101
22 73 103
22 74 99
22 76 100
22 77 104
22 78 102
22 81 104
22 84 99
22 85 103
22 87 102
22 95 96
22 98 100
23 0 112
23 1 105
23 2 92
23 3 92
23 4 109
23 5 95
23 6 106
23 7 99
23 8 105
23 9 108
23 10 92
23 11 97
23 12 99
23 13 84
23 14 104
23 15 99
23 16 101
23 17 95
23 18 99
23 19 97
23 20 104
23 21 96
23 22 97
23 24 92
23 25 100
23 26 105
23 27 99
23 28 100
23 29 97
23 30 99
23 31 93
23 32 97
23 33 98
23 34 104
23 35 98
23 36 102
23 37 101
23 38 103
23 39 90
23 40 101
23 41 99
23 42 102
23 43 98
23 44 97
23 45 106
23 46 106
23 47 99
23 48 104
23 49 99
23 50 116
23 51 100
23 52 94
23 53 101
23 54 96
23 55 95
23 56 98
23 57 100
23 58 99
23 59 103
23 60 98
23 61 99
23 62 97
23 63 99
23 64 95
23 65 103
23 66 108
23 67 102
23 68 93
23 69 102
23 70 103
23 71 90
23 72 94
23 73 95
23 74 102
23 75 95
23 76 99
23 77 104
23 78 96
23 79 98
23 80 93
23 81 108
23 82 104
23 83 106
23 85 101
23 86 103
23 87 107
23 88 97
23 89 101
23 90 100
23 91 105
23 92 99
23 93 96
23 94 96
23 95 97
23 96 89
23 97 96
23 98 98
23 99 97
24 1 101
24 14 94
24 17 103
24 31 103
24 36 98
24 40 91
24 42 97
24 56 104
24 60 109
24 63 97
24 73 103
24 81 98
24 85 98
24 86 96
24 90 108
24 94 107
25 49 96
25 53 102
25 59 103
25 62 96
25 77 108
25 79 104
25 91 99
25 93 96
26 4 105
26 5 106
26 6 92
26 7 100
26 8 103
26 9 102
26 10 97
26 11 110
26 12 95
26 14 99
26 16 102
26 17 105
26 18 99
26 19 103
26 22 96
26 23 102
26 24 105
26 25 106
26 30 99
26 31 112
26 33 111
26 34 106
26 37 93
26 38 88
26 39 109
26 42 95
26 49 101
26 51 98
26 53 106
26 54 100
26 56 106
26 60 94
26 62 91
26 65 98
26 68 103
26 69 107
26 70 102
26 71 106
26 72 96
26 73 101
26 74 94
26 82 99
26 83 98
26 84 96
26 85 90
26 88 100
26 97 97
26 99 99
27 0 98
27 1 92
27 2 108
27 3 101
27 6 98
27 7 95
27 8 104
27 9 97
27 12 97
27 13 105
27 14 98
27 16 102
27 17 90
27 19 102
27 20 104
27 21 93
27 22 99
27 25 104
27 26 93
27 28 95
27 31 101
27 32 102
27 33 102
27 34 97
27 36 105
27 38 100
27 39 99
27 40 110
27 41 92
27 42 100
27 43 91
27 46 97
27 47 108
27 49 92
27 50 98
27 52 87
27 54 99
27 56 100
27 60 105
27 62 105
27 63 92
27 64 94
27 65 108
27 66 98
27 67 102
27 68 105
27 69 96
27 70 98
27 72 100
27 73 95
27 74 98
27 75 106
27 79 97
27 80 97
27 81 104
27 82 92
27 83 104
27 84 103
27 86 101
27 87 101
27 88 95
27 89 103
27 90 105
27 91 95
27 95 100
27 96 100
27 97 102
27 98 99
27 99 100
28 0 91
28 3 101
28 4 101
28 5 98
28 8 102
28 13 99
28 14 98
28 15 95
28 18 95
28 23 98
28 26 99
28 27 102
28 32 91
28 33 98
28 36 107
28 37 93
28 39 90
28 40 106
28 41 99
28 42 107
28 44 92
28 49 93
28 50 104
28 52 103
28 53 102
28 54 92
28 56 98
28 57 105
28 58 89
28 60 88
28 61 94
28 65 95
28 66 104
28 67 96
28 71 100
28 72 102
28 73 108
28 75 109
28 76 93
28 79 99
28 80 87
28 81 107
28 82 97
28 86 95
28 87 99
28 90 102
29 3 98
29 10 103
29 12 99
29 14 113
29 16 94
29 17 103
29 22 98
29 26 96
29 32 105
29 36 101
29 39 90
29 41 98
29 43 98
29 46 107
29 48 104
29 49 101
29 51 95
29 52 101
29 53 103
29 54 98
29 55 94
29 56 95
29 57 103
29 58 96
29 60 97
29 63 99
29 68 110
29 72 96
29 73 102
29 75 107
29 76 106
29 77 93
29 78 102
29 80 99
29 82 90
29 84 98
29 86 90
29 87 97
29 88 92
29 90 97
29 94 98
29 96 104
29 98 106
30 65 101
30 71 99
30 90 99
31 0 106
31 1 103
31 2 100
31 3 103
31 4 97
31 5 92
31 6 99
31 7 104
31 8 96
31 9 92
31 10 99
31 11 95
31 12 102
31 13 98
31 14 97
31 15 98
31 16 102
31 17 92
31 18 101
31 19 106
31 20 94
31 21 96
31 22 102
31 23 94
31 24 97
31 25 99
31 26 98
31 27 94
31 28 101
31 29 101
31 30 101
31 32 99
31 33 106
31 34 107
31 35 97
31 36 102
31 37 103
31 38 107
31 39 101
31 40 99
31 41 89
31 42 98
31 43 92
31 44 94
31 45 95
31 46 104
31 47 100
31 48 93
31 49 96
31 50 104
31 51 104
31 52 102
31 53 96
31 54 98
31 55 98
31 56 105
31 57 98
31 58 103
31 59 89
31 60 100
31 61 109
31 62 96
31 63 104
31 64 96
31 65 100
31 67 105
31 68 99
31 69 93
31 71 100
31 72 101
31 73 103
31 74 100
31 75 99
31 76 99
31 77 104
31 78 96
31 79 108
31 80 101
31 81 96
31 82 91
31 83 100
31 84 95
31 85 102
31 86 99
31 87 97
31 88 96
31 89 105
31 90 100
31 91 103
31 92 99
31 93 104
31 94 109
31 95 99
31 96 97
31 97 104
31 98 103
31 99 96
32 0 96
32 1 90
32 2 93
32 3 99
32 4 104
32 5 102
32 6 91
32 7 97
32 8 99
32 9 97
32 10 101
32 11 102
32 12 100
32 13 97
32 14 107
32 15 95
32 16 110
32 17 107
32 18 98
32 19 110
32 20 106
32 21 99
32 22 99
32 23 105
32 24 97
32 25 101
32 26 102
32 27 98
32 28 101
32 29 102
32 30 99
32 31 108
32 33 88
32 34 101
32 35 92
32 36 102
32 37 97
32 38 93
32 39 105
32 41 113
32 42 106
32 43 102
32 44 98
32 45 96
32 46 102
32 47 94
32 49 101
32 50 100
32 51 106
32 52 109
32 53 95
32 54 101
32 55 98
32 56 99
32 57 99
32 58 107
32 59 102
32 61 98
32 62 100
32 63 101
32 65 96
32 66 99
32 67 109
32 68 93
32 69 104
32 70 95
32 71 105
32 72 90
32 73 101
32 74 101
32 75 96
32 76 101
32 77 106
32 78 108
32 79 99
32 80 87
32 82 92
32 83 109
32 84 109
32 85 109
32 86 98
32 87 98
32 88 104
32 89 95
32 90 98
32 91 103
32 92 93
32 94 103
32 95 103
32 97 99
32 99 98
33 7 99
33 20 103
33 22 103
33 46 95
33 62 97
33 63 102
33 70 107
33 72 99
33 90 107
34 3 101
34 6 98
34 8 102
34 12 95
34 20 95
34 27 98
34 38 101
34 39 99
34 41 101
34 43 92
34 44 96
34 45 102
34 48 92
34 56 105
34 58 98
34 61 97
34 70 89
34 77 99
34 78 94
34 79 97
34 82 93
34 85 94
34 87 109
34 98 99
35 0 91
35 1 94
35 3 103
35 5 107
35 6 100
35 7 103
35 8 97
35 9 107
35 10 100
35 11 96
35 13 99
35 14 96
35 15 100
35 16 92
35 17 95
35 18 102
35 19 98
35 21 94
35 22 104
35 23 88
35 24 95
35 25 98
35 26 105
35 28 91
35 29 99
35 30 92
35 31 105
35 32 97
35 33 98
35 34 102
35 36 98
35 37 94
35 38 96
35 39 102
35 41 95
35 42 100
35 44 98
35 45 101
35 47 98
35 49 100
35 50 94
35 51 104
35 52 98
35 53 107
35 54 107
35 55 109
35 56 97
35 57 112
35 60 93
35 61 102
35 62 102
35 63 104
35 64 103
35 67 99
35 68 91
35 69 99
35 70 107
35 71 103
35 72 98
35 73 92
35 74 97
35 75 104
35 77 103
35 78 100
35 80 107
35 81 95
35 82 97
35 83 101
35 84 98
35 86 98
35 87 91
35 88 101
35 89 99
35 90 97
35 91 93
35 92 94
35 93 104
35 94 104
35 96 105
35 97 99
35 98 100
36 2 94
36 3 102
36 4 96
36 5 107
36 7 106
36 8 105
36 9 92
36 10 96
36 11 100
36 12 106
36 13 103
36 14 104
36 15 97
36 16 106
36 17 106
36 18 107
36 19 105
36 21 101
36 22 96
36 23 92
36 24 104
36 25 103
36 26 101
36 27 95
36 28 101
36 29 99
36 30 111
36 31 97
36 32 95
36 33 102
36 34 97
36 37 101
36 38 114
36 40 104
36 42 106
36 43 105
36 44 103
36 46 89
36 48 99
36 49 94
36 50 114
36 51 102
36 52 95
36 53 101
36 54 106
36 56 93
36 57 103
36 59 98
36 60 96
36 61 93
36 62 98
36 64 104
36 65 108
36 66 100
36 67 97
36 68 106
36 69 96
36 70 94
36 72 105
36 73 95
36 74 100
36 75 94
36 76 100
36 77 103
36 79 93
36 80 103
36 81 95
36 82 101
36 83 105
36 84 100
36 86 97
36 87 100
36 88 102
36 89 104
36 91 102
36 92 100
36 93 97
36 94 93
36 95 100
36 96 113
36 97 109
36 98 100
36 99 90
37 0 92
37 1 102
37 2 99
37 3 104
37 4 98
37 5 103
37 7 107
37 8 101
37 9 98
37 10 109
37 11 100
37 12 95
37 13 96
37 15 107
37 16 102
37 17 98
37 19 92
37 20 98
37 22 100
37 23 93
37 25 106
37 27 92
37 29 99
37 30 99
37 31 98
37 32 96
37 33 113
37 34 97
37 36 98
37 38 91
37 39 109
37 40 94
37 41 95
37 42 99
37 43 101
37 44 102
37 45 108
37 46 98
37 48 98
37 50 103
37 51 96
37 53 107
37 56 98
37 57 98
37 58 100
37 59 98
37 60 100
37 61 102
37 64 92
37 65 102
37 66 97
37 67 89
37 68 97
37 69 97
37 70 96
37 71 107
37 72 103
37 73 98
37 74 97
37 75 95
37 77 111
37 78 102
37 80 96
37 81 90
37 84 94
37 85 110
37 87 96
37 89 103
37 90 105
37 91 109
37 94 101
37 96 92
37 98 101
37 99 104
38 1 98
38 2 101
38 7 103
38 8 105
38 9 103
38 10 94
38 12 102
38 15 91
38 16 99
38 21 105
38 22 96
38 24 105
38 25 93
38 26 98
38 27 99
38 28 96
38 29 99
38 30 86
38 31 100
38 32 96
38 33 99
38 35 100
38 36 96
38 37 100
38 40 102
38 42 100
38 43 96
38 44 99
38 46 92
38 49 103
38 51 100
38 52 95
38 53 103
38 54 97
38 56 95
38 57 94
38 58 100
38 59 94
38 60 102
38 62 102
38 63 95
38 64 100
38 65 100
38 66 101
38 68 98
38 69 93
38 70 107
38 71 97
38 72 96
38 73 95
38 74 96
38 75 106
38 76 100
38 78 99
38 80 103
38 81 91
38 82 103
38 83 105
38 87 99
38 88 91
38 89 99
38 90 103
38 91 105
38 92 90
38 93 101
38 95 100
38 97 93
38 99 94
39 0 102
39 3 107
39 18 111
39 20 98
39 23 102
39 50 104
39 55 93
39 58 107
39 67 91
39 85 96
39 89 110
39 91 96
39 92 105
39 97 101
40 4 112
40 10 98
40 11 102
40 13 111
40 16 94
40 20 104
40 25 95
40 32 97
40 35 94
40 38 95
40 39 99
40 42 99
40 46 104
40 47 93
40 51 92
40 52 95
40 59 96
40 61 93
40 63 102
40 65 97
40 68 93
40 72 90
40 73 100
40 74 106
40 75 97
40 77 92
40 94 103
40 96 107
41 0 102
41 2 108
41 3 97
41 4 109
41 5 92
41 6 104
41 7 96
41 8 102
41 9 96
41 10 107
41 11 99
41 12 103
41 13 101
41 14 94
41 16 91
41 17 99
41 18 97
41 19 98
41 20 100
41 21 94
41 22 99
41 23 103
41 24 99
41 26 93
41 27 108
41 28 98
41 29 105
41 30 97
41 31 94
41 32 98
41 34 98
41 35 95
41 36 90
41 37 89
41 38 107
41 39 97
41 43 98
41 45 105
41 46 100
41 47 98
41 48 98
41 49 92
41 51 100
41 52 100
41 53 103
41 54 94
41 55 106
41 56 102
41 57 105
41 59 102
41 60 99
41 61 101
41 62 97
41 63 101
41 64 103
41 65 97
41 66 101
41 67 102
41 68 100
41 69 102
41 70 108
41 71 100
41 73 101
41 74 110
41 75 102
41 76 110
41 77 104
41 78 100
41 80 104
41 81 95
41 82 92
41 83 101
41 84 97
41 85 101
41 86 97
41 87 89
41 88 99
41 89 102
41 90 97
41 91 97
41 92 102
41 93 107
41 94 99
41 95 97
41 96 105
41 98 93
41 99 95
42 0 103
42 1 98
42 2 98
42 4 93
42 5 95
42 6 95
42 7 93
42 8 93
42 10 102
42 12 113
42 13 102
42 17 103
42 20 92
42 23 101
42 25 97
42 26 101
42 28 93
42 29 94
42 30 114
42 32 110
42 33 102
42 34 106
42 37 89
42 38 95
42 40 99
42 43 98
42 48 101
42 49 101
42 50 104
42 51 94
42 52 102
42 53 92
42 56 89
42 58 100
42 59 100
42 60 88
42 63 90
42 64 99
42 65 103
42 68 85
42 70 104
42 72 104
42 73 96
42 74 99
42 75 103
42 77 103
42 78 89
42 79 92
42 80 107
42 81 102
42 82 110
42 83 108
42 84 101
42 86 95
42 89 97
42 90 95
42 91 101
42 92 101
42 93 103
42 95 97
42 98 104
43 0 103
43 1 102
43 3 102
43 7 103
43 12 96
43 13 100
43 19 100
43 23 94
43 26 103
43 27 103
43 29 110
43 31 102
43 35 107
43 36 105
43 37 102
43 42 101
43 44 100
43 45 95
43 51 94
43 52 93
43 54 105
43 57 95
43 59 106
43 63 99
43 64 91
43 65 104
43 68 98
43 71 98
43 84 96
43 87 110
43 88 95
43 89 98
43 91 96
43 94 111
43 95 97
43 97 94
43 98 103
43 99 93
44 0 103
44 1 104
44 2 103
44 5 94
44 8 99
44 12 102
44 13 103
44 18 100
44 20 106
44 22 100
44 23 98
44 24 99
44 25 102
44 28 98
44 30 104
44 34 95
44 41 93
44 48 107
44 53 105
44 54 97
44 58 98
44 61 97
44 62 92
44 67 105
44 72 115
44 73 100
44 74 103
44 82 94
44 86 104
44 89 100
44 93 99
45 2 96
45 4 97
45 5 108
45 15 91
45 18 91
45 22 99
45 24 97
45 25 97
45 28 98
45 33 101
45 34 92
45 41 102
45 47 96
45 54 108
45 55 96
45 61 103
45 67 91
45 68 100
45 73 98
45 77 89
45 78 98
45 80 104
45 83 99
45 90 102
45 91 110
45 94 101
46 4 103
46 9 89
46 10 112
46 15 99
46 16 97
46 19 100
46 27 102
46 32 113
46 37 101
46 43 99
46 48 98
46 53 98
46 65 105
46 66 88
46 73 102
46 75 94
46 78 98
46 81 98
46 87 103
46 93 107
46 99 108
47 1 97
47 10 90
47 15 97
47 16 92
47 21 93
47 22 96
47 40 108
47 45 102
47 74 102
47 86 97
47 88 102
47 89 104
48 3 99
48 5 96
48 6 105
48 8 99
48 10 101
48 15 92
48 18 101
48 21 102
48 24 99
48 27 98
48 28 104
48 31 94
48 33 95
48 39 105
48 40 109
48 41 101
48 42 99
48 43 102
48 45 94
48 46 98
48 47 102
48 49 99
48 50 101
48 51 111
48 55 99
48 56 99
48 58 90
48 59 95
48 60 86
48 62 99
48 63 90
48 64 92
48 66 96
48 68 96
48 69 108
48 71 100
48 73 102
48 75 92
48 79 104
48 82 104
48 84 98
48 86 96
48 88 102
48 90 109
48 94 105
49 1 105
49 3 111
49 4 102
49 5 94
49 7 105
49 8 94
49 11 104
49 14 92
49 15 105
49 16 105
49 17 107
49 19 95
49 20 108
49 21 110
49 22 96
49 23 101
49 24 98
49 25 110
49 27 92
49 28 91
49 29 94
49 30 109
49 31 98
49 32 103
49 33 100
49 35 103
49 36 101
49 37 92
49 39 108
49 40 100
49 43 108
49 44 95
49 45 103
49 46 106
49 47 103
49 48 102
49 51 99
49 52 102
49 53 99
49 54 88
49 55 106
49 56 98
49 57 103
49 58 92
49 59 97
49 60 104
49 62 95
49 63 100
49 65 100
49 66 100
49 67 98
49 68 106
49 69 106
49 70 97
49 71 98
49 73 86
49 74 104
49 75 105
49 76 97
49 77 89
49 78 109
49 80 105
49 82 99
49 83 99
49 84 98
49 85 102
49 86 94
49 88 95
49 89 104
49 90 100
49 91 95
49 92 95
49 93 97
49 94 90
49 95 103
49 96 95
49 97 92
49 98 96
49 99 91
50 6 93
50 8 96
50 10 95
50 14 101
50 15 99
50 16 105
50 21 101
50 22 105
50 30 106
50 31 109
50 33 102
50 34 109
50 40 93
50 41 99
50 47 105
50 52 105
50 55 94
50 56 98
50 66 99
50 76 105
50 80 98
50 84 101
50 86 103
50 87 97
50 90 106
50 92 99
50 93 105
50 97 101
50 98 100
51 1 95
51 2 98
51 10 94
51 12 102
51 13 107
51 14 104
51 15 102
51 16 93
51 17 106
51 19 99
51 23 89
51 24 99
51 28 97
51 29 107
51 34 99
51 38 99
51 40 100
51 42 103
51 43 95
51 44 100
51 45 100
51 46 98
51 47 105
51 49 106
51 50 105
51 53 104
51 54 101
51 55 98
51 60 91
51 61 88
51 63 104
51 64 106
51 66 99
51 69 102
51 70 99
51 75 97
51 77 103
51 81 108
51 82 100
51 84 96
51 86 96
51 88 92
51 91 100
51 95 106
51 96 101
51 98 102
52 0 106
52 1 101
52 2 110
52 3 104
52 4 103
52 5 101
52 6 100
52 7 101
52 9 105
52 11 98
52 12 93
52 13 104
52 14 101
52 16 99
52 17 107
52 18 107
52 19 87
52 20 95
52 21 98
52 22 92
52 23 105
52 24 105
52 25 99
52 26 99
52 27 106
52 28 97
52 29 102
52 30 99
52 31 99
52 32 105
52 33 95
52 34 101
52 35 101
52 36 100
52 38 102
52 39 96
52 40 104
52 41 99
52 42 89
52 43 94
52 44 95
52 46 98
52 47 105
52 48 93
52 49 105
52 50 98
52 51 99
52 53 97
52 54 99
52 55 97
52 56 100
52 58 100
52 59 98
52 60 93
52 61 98
52 63 98
52 64 89
52 65 100
52 66 100
52 67 101
52 68 98
52 69 104
52 70 98
52 71 98
52 72 100
52 73 99
52 74 100
52 75 111
52 76 93
52 77 97
52 78 100
52 79 89
52 80 96
52 81 92
52 82 97
52 83 99
52 84 94
52 85 98
52 87 103
52 88 103
52 89 88
52 90 103
52 91 98
52 92 87
52 93 96
52 94 108
52 96 97
52 97 99
52 98 104
52 99 93
53 0 100
53 1 95
53 4 102
53 5 97
53 6 105
53 7 95
53 8 108
53 9 100
53 10 102
53 12 93
53 13 108
53 14 93
53 16 103
53 19 106
53 20 100
53 23 101
53 24 97
53 25 94
53 32 94
53 33 96
53 34 107
53 35 104
53 36 93
53 38 103
53 43 105
53 46 99
53 47 102
53 49 97
53 50 109
53 51 93
53 52 95
53 54 103
53 56 96
53 57 102
53 58 90
53 59 99
53 60 103
53 61 100
53 62 98
53 64 98
53 66 96
53 67 103
53 68 95
53 70 97
53 72 106
53 75 98
53 76 96
53 77 98
53 78 106
53 79 103
53 81 101
53 83 93
53 84 105
53 85 93
53 87 96
53 88 98
53 89 102
53 90 96
53 91 96
53 93 102
53 94 110
53 95 90
53 96 105
53 97 100
53 98 91
53 99 95
54 1 91
54 2 101
54 3 98
54 5 100
54 6 95
54 7 104
54 9 93
54 11 111
54 12 101
54 13 97
54 14 86
54 15 95
54 16 103
54 17 92
54 18 106
54 19 90
54 20 101
54 21 100
54 22 103
54 23 94
54 24 90
54 25 97
54 26 97
54 27 101
54 28 96
54 29 101
54 30 96
54 31 103
54 32 101
54 33 99
54 34 98
54 35 91
54 36 100
54 38 103
54 40 96
54 41 101
54 42 104
54 43 101
54 44 103
54 45 101
54 46 98
54 48 103
54 50 106
54 51 99
54 52 106
54 53 96
54 56 98
54 57 94
54 59 102
54 60 95
54 61 96
54 63 100
54 64 100
54 65 102
54 66 100
54 67 107
54 68 102
54 69 97
54 71 100
54 72 99
54 73 104
54 74 97
54 75 98
54 76 94
54 78 99
54 80 99
54 81 100
54 82 112
54 83 98
54 84 98
54 85 106
54 86 99
54 87 109
54 88 105
54 89 104
54 90 97
54 91 105
54 94 102
54 95 94
54 96 97
54 97 99
54 98 102
54 99 92
55 4 102
55 14 107
55 19 98
55 22 96
55 30 108
55 32 102
55 43 109
55 44 99
55 47 104
55 51 90
55 53 102
55 58 93
55 62 89
55 66 99
55 67 99
55 68 101
55 76 92
55 77 103
55 79 104
55 83 103
55 85 105
55 94 97
55 95 102
55 96 98
56 3 104
56 5 107
56 6 110
56 7 97
56 11 103
56 12 102
56 18 91
56 22 96
56 23 101
56 24 109
56 28 106
56 30 97
56 32 97
56 33 95
56 34 96
56 39 100
56 40 114
56 41 105
56 46 101
56 47 91
56 48 92
56 49 91
56 50 102
56 51 100
56 53 95
56 54 105
56 55 111
56 57 103
56 58 97
56 59 102
56 64 98
56 66 97
56 69 96
56 70 94
56 73 102
56 74 102
56 78 107
56 84 85
56 89 93
56 93 96
56 97 98
56 98 107
57 29 107
57 45 97
57 51 101
57 61 103
57 63 98
57 66 102
57 74 100
57 75 101
57 80 94
57 82 106
57 87 100
57 92 94
58 0 104
58 3 97
58 8 105
58 13 99
58 17 102
58 25 100
58 27 103
58 33 103
58 34 98
58 37 101
58 38 106
58 40 98
58 41 115
58 42 100
58 45 99
58 57 92
58 59 95
58 62 97
58 66 105
58 68 94
58 70 103
58 78 95
58 82 99
58 87 101
58 99 101
59 3 99
59 5 108
59 6 100
59 8 95
59 9 100
59 10 94
59 11 99
59 12 100
59 13 105
59 14 96
59 17 107
59 18 96
59 19 109
59 21 96
59 22 102
59 23 96
59 27 100
59 30 102
59 34 95
59 37 97
59 41 98
59 45 103
59 50 87
59 51 94
59 53 105
59 54 102
59 56 98
59 61 96
59 62 100
59 63 94
59 64 99
59 65 91
59 66 91
59 67 100
59 69 101
59 70 89
59 71 94
59 72 87
59 73 91
59 74 88
59 76 92
59 78 109
59 79 98
59 80 98
59 83 97
59 85 102
59 86 100
59 87 96
59 89 97
59 91 99
59 92 104
59 93 99
59 97 91
59 98 112
59 99 111
60 0 93
60 2 105
60 3 99
60 4 98
60 5 103
60 6 102
60 7 103
60 8 110
60 11 95
60 12 97
60 14 101
60 15 98
60 17 99
60 22 102
60 28 98
60 34 97
60 35 95
60 37 94
60 41 96
60 42 97
60 43 106
60 46 94
60 47 96
60 50 98
60 53 100
60 54 98
60 55 101
60 56 105
60 58 91
60 59 110
60 61 102
60 65 102
60 66 92
60 67 102
60 68 101
60 69 95
60 71 94
60 72 95
60 73 97
60 74 99
60 75 98
60 76 101
60 77 96
60 78 95
60 79 92
60 80 100
60 82 99
60 84 99
60 85 104
60 86 97
60 88 102
60 89 102
60 90 96
60 92 92
60 96 94
60 98 91
60 99 112
61 0 99
61 14 98
61 15 104
61 20 93
61 21 98
61 25 90
61 28 102
61 31 93
61 35 105
61 42 97
61 49 109
61 50 93
61 52 97
61 53 104
61 54 92
61 66 102
61 68 102
61 69 91
61 75 97
61 77 107
61 82 98
61 85 102
61 92 100
61 93 101
61 98 98
62 0 95
62 1 93
62 3 99
62 4 104
62 5 92
62 7 94
62 9 109
62 11 91
62 12 94
62 14 103
62 15 102
62 16 97
62 17 107
62 20 100
62 21 99
62 24 107
62 25 104
62 32 100
62 35 100
62 38 100
62 39 99
62 50 91
62 51 98
62 58 94
62 61 102
62 64 102
62 68 97
62 69 104
62 70 101
62 72 95
62 74 106
62 77 98
62 78 98
62 79 100
62 82 91
62 84 105
62 86 104
62 89 94
62 93 98
62 95 99
62 97 100
63 0 94
63 1 97
63 2 94
63 3 100
63 4 96
63 5 96
63 6 109
63 7 95
63 8 104
63 9 105
63 10 104
63 11 96
63 12 110
63 13 107
63 14 105
63 15 103
63 16 100
63 17 102
63 18 98
63 19 105
63 20 103
63 21 94
63 22 99
63 23 102
63 24 101
63 25 102
63 26 91
63 27 94
63 28 98
63 29 98
63 30 99
63 31 101
63 32 103
63 33 93
63 34 101
63 35 96
63 36 104
63 37 98
63 38 90
63 39 101
63 41 100
63 42 99
63 43 99
63 44 94
63 45 103
63 46 101
63 47 105
63 48 99
63 49 99
63 50 103
63 51 90
63 52 100
63 53 103
63 54 103
63 55 97
63 56 107
63 57 105
63 58 106
63 59 92
63 60 97
63 61 102
63 62 95
63 64 90
63 65 93
63 66 99
63 67 102
63 68 99
63 69 94
63 70 99
63 71 107
63 72 106
63 73 105
63 74 98
63 75 101
63 76 103
63 77 98
63 78 104
63 79 102
63 80 103
63 81 95
63 82 97
63 83 98
63 84 87
63 85 100
63 86 101
63 87 86
63 88 98
63 89 96
63 90 97
63 91 101
63 92 93
63 94 101
63 95 98
63 96 102
63 97 107
63 98 95
63 99 102
64 1 106
64 8 96
64 10 100
64 13 105
64 15 91
64 16 105
64 18 96
64 19 104
64 24 97
64 26 101
64 31 101
64 33 91
64 36 93
64 37 103
64 42 100
64 44 102
64 46 104
64 48 91
64 51 97
64 52 96
64 60 96
64 66 104
64 67 99
64 68 99
64 75 99
64 76 101
64 77 100
64 81 96
64 82 99
64 85 102
64 88 108
64 96 90
65 0 90
65 10 97
65 12 105
65 13 90
65 17 99
65 19 103
65 20 101
65 23 102
65 32 95
65 35 99
65 39 97
65 41 88
65 42 101
65 43 101
65 66 97
65 76 109
65 77 97
65 79 101
65 83 95
65 86 107
65 98 99
66 1 103
66 2 101
66 5 100
66 7 98
66 8 96
66 9 105
66 11 101
66 12 99
66 13 99
66 14 101
66 15 103
66 17 89
66 18 96
66 21 100
66 22 105
66 24 95
66 25 96
66 26 102
66 31 101
66 33 97
66 38 95
66 39 99
66 42 100
66 43 97
66 44 96
66 46 99
66 48 103
66 49 97
66 50 92
66 53 102
66 54 97
66 56 101
66 58 92
66 62 95
66 63 93
66 64 103
66 67 92
66 68 100
66 72 102
66 73 108
66 74 96
66 78 95
66 79 100
66 82 92
66 83 105
66 85 104
66 86 104
66 89 102
66 95 97
66 97 105
66 98 104
67 0 99
67 1 105
67 2 101
67 3 99
67 4 100
67 5 95
67 6 89
67 7 99
67 8 95
67 9 100
67 11 102
67 12 107
67 14 99
67 15 109
67 16 90
67 17 103
67 18 100
67 19 99
67 20 99
67 21 99
67 23 109
67 24 100
67 25 97
67 27 99
67 28 101
67 29 98
67 30 106
67 31 91
67 32 93
67 33 104
67 34 99
67 35 96
67 36 98
67 37 99
67 38 97
67 39 101
67 40 104
67 41 96
67 43 96
67 45 93
67 46 111
67 47 98
67 48 103
67 49 89
67 50 101
67 51 98
67 52 102
67 53 96
67 54 88
67 55 103
67 56 102
67 57 97
67 58 97
67 59 111
67 60 96
67 61 95
67 62 104
67 63 102
67 64 100
67 65 109
67 66 99
67 68 99
67 69 94
67 70 98
67 71 92
67 72 92
67 73 90
67 74 97
67 75 104
67 77 93
67 78 94
67 79 100
67 80 94
67 81 95
67 82 101
67 83 101
67 84 100
67 85 97
67 87 99
67 88 102
67 89 108
67 90 94
67 91 97
67 92 96
67 93 103
67 95 99
67 96 99
67 97 98
67 98 99
67 99 106
68 0 100
68 1 113
68 2 94
68 3 97
68 5 99
68 7 97
68 9 109
68 11 101
68 12 93
68 13 107
68 14 105
68 15 93
68 16 95
68 17 97
68 18 93
68 20 104
68 21 96
68 22 108
68 23 92
68 24 101
68 26 95
68 28 108
68 29 92
68 30 103
68 31 114
68 32 99
68 33 105
68 35 95
68 36 102
68 37 101
68 40 101
68 41 98
68 42 102
68 43 106
68 44 103
68 46 98
68 47 103
68 48 103
68 49 89
68 50 96
68 51 98
68 52 97
68 53 95
68 54 93
68 55 94
68 56 103
68 58 104
68 60 111
68 62 93
68 63 98
68 64 102
68 65 104
68 66 108
68 67 101
68 70 99
68 71 92
68 72 96
68 73 114
68 75 106
68 77 101
68 80 94
68 82 102
68 84 100
68 86 95
68 87 98
68 89 109
68 91 103
68 92 102
68 93 94
68 94 104
68 95 101
68 96 102
68 97 99
68 99 102
69 0 106
69 1 112
69 6 98
69 11 108
69 12 90
69 15 92
69 19 98
69 21 95
69 22 101
69 23 96
69 27 102
69 29 95
69 30 97
69 32 105
69 35 99
69 38 102
69 41 107
69 46 96
69 47 93
69 62 101
69 64 102
69 65 91
69 70 100
69 71 103
69 73 104
69 75 100
69 78 105
69 79 99
69 82 95
69 91 97
69 93 105
69 94 101
69 97 105
69 99 92
70 0 97
70 3 104
70 7 104
70 8 105
70 14 93
70 18 81
70 22 103
70 25 88
70 26 102
70 28 103
70 30 92
70 31 91
70 33 102
70 35 106
70 36 105
70 37 98
70 38 90
70 42 92
70 43 105
70 45 87
70 51 99
70 54 98
70 55 94
70 57 104
70 62 102
70 64 86
70 71 89
70 72 97
70 80 97
70 82 102
70 88 93
70 89 106
70 96 98
70 97 89
70 99 105
71 2 101
71 3 97
71 4 106
71 7 97
71 9 96
71 16 97
71 18 92
71 19 108
71 21 100
71 23 100
71 24 101
71 25 101
71 27 103
71 28 105
71 29 96
71 30 91
71 31 95
71 33 100
71 41 106
71 42 94
71 44 102
71 45 81
71 46 101
71 47 94
71 48 93
71 49 106
71 51 102
71 55 105
71 56 99
71 58 106
71 59 103
71 60 100
71 62 93
71 65 90
71 67 100
71 69 105
71 70 97
71 72 99
71 73 100
71 75 99
71 76 98
71 77 95
71 78 102
71 79 101
71 81 101
71 82 101
71 83 104
71 85 102
71 86 99
71 87 112
71 88 102
71 89 109
71 90 106
71 91 92
71 94 100
71 95 97
71 97 106
71 98 98
71 99 105
72 5 96
72 9 95
72 15 103
72 16 92
72 17 95
72 19 109
72 22 107
72 27 100
72 32 89
72 34 96
72 35 101
72 36 104
72 39 102
72 45 105
72 49 104
72 55 98
72 57 101
72 62 96
72 64 98
72 65 100
72 66 89
72 69 97
72 73 96
72 75 108
72 76 110
72 78 103
72 79 100
72 84 104
72 85 106
72 88 101
72 92 110
72 93 99
72 94 94
72 99 104
73 0 107
73 14 100
73 15 100
73 17 103
73 25 96
73 28 107
73 30 107
73 37 107
73 38 107
73 40 99
73 41 96
73 45 100
73 46 100
73 55 103
73 59 107
73 60 106
73 62 107
73 74 104
73 79 103
73 92 98
73 93 106
73 94 96
73 95 100
74 2 105
74 3 108
74 4 93
74 6 99
74 11 105
74 14 94
74 15 103
74 20 96
74 22 94
74 28 104
74 29 92
74 30 100
74 32 106
74 33 89
74 34 100
74 35 105
74 36 102
74 37 100
74 38 97
74 41 88
74 43 96
74 44 104
74 45 95
74 49 99
74 50 99
74 51 96
74 52 96
74 56 100
74 57 98
74 59 101
74 61 100
74 62 97
74 66 111
74 67 99
74 72 103
74 73 99
74 75 93
74 77 90
74 80 98
74 83 106
74 91 97
74 96 94
74 97 108
74 99 92
75 2 92
75 4 101
75 7 99
75 8 105
75 9 102
75 11 108
75 14 95
75 18 95
75 20 102
75 21 100
75 24 113
75 25 86
75 26 100
75 28 97
75 29 96
75 30 95
75 31 100
75 33 101
75 37 106
75 39 99
75 40 101
75 42 96
75 43 103
75 44 102
75 46 97
75 48 98
75 49 108
75 50 114
75 52 101
75 53 100
75 54 97
75 55 98
75 59 99
75 60 95
75 62 101
75 67 104
75 68 107
75 71 97
75 72 100
75 73 105
75 76 99
75 79 102
75 80 101
75 81 103
75 82 100
75 84 104
75 85 102
75 87 94
75 88 95
75 90 93
75 93 103
75 96 106
75 97 101
75 98 98
75 99 111
76 2 101
76 10 105
76 11 107
76 14 105
76 17 112
76 18 98
76 31 104
76 39 107
76 41 93
76 43 99
76 47 112
76 53 94
76 60 95
76 71 101
76 80 88
76 81 98
76 85 96
76 88 105
76 90 99
76 93 96
76 94 106
76 97 98
77 0 102
77 1 100
77 2 103
77 5 102
77 6 97
77 9 101
77 16 104
77 20 100
77 21 106
77 24 102
77 29 96
77 33 99
77 38 108
77 42 98
77 45 100
77 50 104
77 52 103
77 56 97
77 62 103
77 65 103
77 71 101
77 74 102
77 75 98
77 78 99
77 82 108
77 84 100
77 85 100
77 91 95
77 93 103
77 96 100
77 97 96
77 99 93
78 0 97
78 2 102
78 5 102
78 8 93
78 10 101
78 11 97
78 12 97
78 13 109
78 14 95
78 15 102
78 17 105
78 18 108
78 20 94
78 23 94
78 24 93
78 25 105
78 26 113
78 29 98
78 30 93
78 32 103
78 33 107
78 35 101
78 36 98
78 40 97
78 41 100
78 44 101
78 45 92
78 47 104
78 48 110
78 52 99
78 54 110
78 55 109
78 56 101
78 59 97
78 60 105
78 61 101
78 62 100
78 63 95
78 65 99
78 66 96
78 67 95
78 68 93
78 69 96
78 70 101
78 72 99
78 73 89
78 74 99
78 75 101
78 76 99
78 77 102
78 79 99
78 81 94
78 82 99
78 85 114
78 88 101
78 89 100
78 90 92
78 91 93
78 92 104
78 93 102
78 94 95
78 97 98
78 99 97
79 0 99
79 1 91
79 2 98
79 3 105
79 5 105
79 6 95
79 8 95
79 10 100
79 12 94
79 15 101
79 16 96
79 17 94
79 18 98
79 19 101
79 20 104
79 21 92
79 22 99
79 23 100
79 24 103
79 26 101
79 27 96
79 28 94
79 30 101
79 31 97
79 32 100
79 33 94
79 34 104
79 35 109
79 36 96
79 38 101
79 41 106
79 43 100
79 44 94
79 45 104
79 46 99
79 48 100
79 49 97
79 51 102
79 53 93
79 55 110
79 56 97
79 57 105
79 60 97
79 61 89
79 62 100
79 63 92
79 65 92
79 68 109
79 69 108
79 72 99
79 73 95
79 74 98
79 75 102
79 78 104
79 82 97
79 84 104
79 85 95
79 86 97
79 88 98
79 89 103
79 90 94
79 91 100
79 92 92
79 93 95
79 94 101
79 95 100
79 96 102
79 97 101
79 99 95
80 1 98
80 3 105
80 4 102
80 8 103
80 11 98
80 17 100
80 18 105
80 19 98
80 20 104
80 21 95
80 23 96
80 24 106
80 25 101
80 37 97
80 43 104
80 44 87
80 49 97
80 50 97
80 55 107
80 56 97
80 60 92
80 62 100
80 66 113
80 70 94
80 77 112
80 79 102
80 82 98
80 94 88
80 95 99
80 98 101
80 99 96
81 4 98
81 6 105
81 16 100
81 17 102
81 22 100
81 24 96
81 26 99
81 28 107
81 29 99
81 31 103
81 34 99
81 36 103
81 37 99
81 41 103
81 42 103
81 45 102
81 47 110
81 50 101
81 51 93
81 54 102
81 56 106
81 57 99
81 59 100
81 60 109
81 62 91
81 74 109
81 76 100
81 77 98
81 83 96
81 92 93
81 94 106
81 96 100
81 97 107
82 1 96
82 2 110
82 3 90
82 4 103
82 5 103
82 6 96
82 7 103
82 9 103
82 12 105
82 14 93
82 15 97
82 16 103
82 24 98
82 25 102
82 26 103
82 27 109
82 28 86
82 30 102
82 32 108
82 34 100
82 37 99
82 38 108
82 39 99
82 41 101
82 42 97
82 43 101
82 44 101
82 47 108
82 48 102
82 50 108
82 51 110
82 52 102
82 56 105
82 57 97
82 58 98
82 59 97
82 60 97
82 61 99
82 63 99
82 65 97
82 66 94
82 67 105
82 68 112
82 69 100
82 70 91
82 73 100
82 74 102
82 75 105
82 76 100
82 77 98
82 78 100
82 80 104
82 81 93
82 83 108
82 85 84
82 86 99
82 88 102
82 89 99
82 91 95
82 92 98
82 94 94
82 95 106
82 97 105
83 0 96
83 1 98
83 2 99
83 3 93
83 5 101
83 6 98
83 7 102
83 9 99
83 10 97
83 12 95
83 13 98
83 14 100
83 15 102
83 16 99
83 17 94
83 19 107
83 20 96
83 21 98
83 22 89
83 23 101
83 24 114
83 25 103
83 26 100
83 27 102
83 28 101
83 29 98
83 33 103
83 34 97
83 35 103
83 36 103
83 38 99
83 39 94
83 40 98
83 42 99
83 43 101
83 44 93
83 45 102
83 46 101
83 47 92
83 48 105
83 50 101
83 54 109
83 56 105
83 57 97
83 58 106
83 59 100
83 60 95
83 61 99
83 62 96
83 64 95
83 66 103
83 68 107
83 70 98
83 71 109
83 72 108
83 73 92
83 74 104
83 76 104
83 78 101
83 80 100
83 82 109
83 84 101
83 85 105
83 89 99
83 90 98
83 92 104
83 93 99
83 94 100
83 96 95
83 97 101
83 98 100
83 99 105
84 1 103
84 2 96
84 3 105
84 5 102
84 6 99
84 7 104
84 8 102
84 10 101
84 11 92
84 13 98
84 14 100
84 15 95
84 16 96
84 17 91
84 18 99
84 19 103
84 20 102
84 21 97
84 22 108
84 23 101
84 25 97
84 26 99
84 27 97
84 28 98
84 29 96
84 30 105
84 31 102
84 32 105
84 34 104
84 35 107
84 36 96
84 37 104
84 38 95
84 41 101
84 42 97
84 44 98
84 45 98
84 46 91
84 47 91
84 48 101
84 50 99
84 52 103
84 54 108
84 55 107
84 56 97
84 57 101
84 58 97
84 59 92
84 60 106
84 61 106
84 62 93
84 64 96
84 65 101
84 66 97
84 67 93
84 69 102
84 70 103
84 71 113
84 72 95
84 73 102
84 75 110
84 76 108
84 77 101
84 78 95
84 80 102
84 82 104
84 83 102
84 86 101
84 87 98
84 88 92
84 89 98
84 90 100
84 93 102
84 94 107
84 95 110
84 96 103
84 97 99
84 98 104
84 99 94
85 2 95
85 4 93
85 5 98
85 6 102
85 8 100
85 10 89
85 18 95
85 19 100
85 21 98
85 22 99
85 23 94
85 24 98
85 25 99
85 27 99
85 33 104
85 34 95
85 35 102
85 36 102
85 40 107
85 43 89
85 44 103
85 46 103
85 49 99
85 51 90
85 52 100
85 55 99
85 62 101
85 63 101
85 64 98
85 65 105
85 66 94
85 68 99
85 69 102
85 72 92
85 73 102
85 83 89
85 86 95
85 89 96
85 91 108
85 92 96
85 94 101
85 95 101
85 98 100
85 99 103
86 1 96
86 4 103
86 5 111
86 6 96
86 9 109
86 13 102
86 16 83
86 17 97
86 18 100
86 20 96
86 22 91
86 23 102
86 24 103
86 26 101
86 27 106
86 29 104
86 32 100
86 37 102
86 38 102
86 39 101
86 44 101
86 49 106
86 53 100
86 60 100
86 67 106
86 72 103
86 74 98
86 78 106
86 80 96
86 84 101
86 91 101
86 94 102
86 96 92
86 99 100
87 12 103
87 27 100
87 56 94
87 66 99
87 68 97
87 72 100
87 77 92
87 86 97
88 0 94
88 1 94
88 2 104
88 3 90
88 4 101
88 5 99
88 6 94
88 7 101
88 9 104
88 10 99
88 11 97
88 12 95
88 13 100
88 15 97
88 16 91
88 17 96
88 18 87
88 19 101
88 20 101
88 21 107
88 22 104
88 23 97
88 25 108
88 26 100
88 27 99
88 28 90
88 29 98
88 30 95
88 31 102
88 33 105
88 34 94
88 35 107
88 36 101
88 37 93
88 38 93
88 39 96
88 40 102
88 41 103
88 42 95
88 43 108
88 44 100
88 45 99
88 48 100
88 49 88
88 51 101
88 52 107
88 53 94
88 54 94
88 56 102
88 58 94
88 59 103
88 61 106
88 62 97
88 63 91
88 64 93
88 65 104
88 66 101
88 67 101
88 68 98
88 69 103
88 70 95
88 71 96
88 72 95
88 73 102
88 74 103
88 75 94
88 76 97
88 77 97
88 78 113
88 79 105
88 80 96
88 81 101
88 83 99
88 85 98
88 87 92
88 90 100
88 91 102
88 92 100
88 93 103
88 95 105
88 97 103
88 98 98
88 99 107
89 0 103
89 1 99
89 2 107
89 4 100
89 6 89
89 7 97
89 8 102
89 9 102
89 11 94
89 12 104
89 13 97
89 14 101
89 15 97
89 16 97
89 17 104
89 18 97
89 19 96
89 20 105
89 21 104
89 22 93
89 23 98
89 24 104
89 26 97
89 27 100
89 28 102
89 29 102
89 30 95
89 31 92
89 32 95
89 33 104
89 35 92
89 36 100
89 37 102
89 38 90
89 40 104
89 41 94
89 42 103
89 43 104
89 44 98
89 45 99
89 47 99
89 48 105
89 49 99
89 50 100
89 51 104
89 52 97
89 54 97
89 55 105
89 56 96
89 57 94
89 58 101
89 59 91
89 60 95
89 61 97
89 62 102
89 63 100
89 64 97
89 65 92
89 66 102
89 67 92
89 68 97
89 69 98
89 70 99
89 71 102
89 72 100
89 73 92
89 74 95
89 75 103
89 76 106
89 77 104
89 78 96
89 79 102
89 81 100
89 82 97
89 83 98
89 84 99
89 85 108
89 86 91
89 87 88
89 88 92
89 90 101
89 91 102
89 93 102
89 94 104
89 96 108
89 97 102
89 98 97
89 99 107
90 0 89
90 1 95
90 2 106
90 3 102
90 4 100
90 5 95
90 6 95
90 7 99
90 8 108
90 9 100
90 10 102
90 11 108
90 14 86
90 15 105
90 16 100
90 17 105
90 19 100
90 20 94
90 22 95
90 23 88
90 24 94
90 25 94
90 26 108
90 28 98
90 29 107
90 30 93
90 31 100
90 32 105
90 34 92
90 35 98
90 36 102
90 37 93
90 38 105
90 40 104
90 41 102
90 43 98
90 44 106
90 45 101
90 47 96
90 48 101
90 49 103
90 52 98
90 53 97
90 54 103
90 55 100
90 56 98
90 58 103
90 59 94
90 60 108
90 61 95
90 62 97
90 64 93
90 65 101
90 66 115
90 67 99
90 69 105
90 71 99
90 74 101
90 76 99
90 77 106
90 78 103
90 79 98
90 80 102
90 81 98
90 82 109
90 83 106
90 84 98
90 86 102
90 87 95
90 88 88
90 89 97
90 91 96
90 92 98
90 93 107
90 94 100
90 96 91
90 99 93
91 0 97
91 2 93
91 5 106
91 6 98
91 8 99
91 9 111
91 10 106
91 11 102
91 12 103
91 13 100
91 15 100
91 16 99
91 17 109
91 20 100
91 22 95
91 23 102
91 24 94
91 25 103
91 27 101
91 28 93
91 31 100
91 35 101
91 37 111
91 38 88
91 39 107
91 41 102
91 43 95
91 46 100
91 53 101
91 54 97
91 55 102
91 58 100
91 59 94
91 61 102
91 64 100
91 70 96
91 72 97
91 73 108
91 75 97
91 76 104
91 77 99
91 78 98
91 80 99
91 82 97
91 84 103
91 87 102
91 89 94
91 90 91
91 92 98
91 94 100
91 97 93
91 99 100
92 0 94
92 1 92
92 2 100
92 3 94
92 4 97
92 6 105
92 7 99
92 9 101
92 10 94
92 11 94
92 12 96
92 13 89
92 14 105
92 15 94
92 16 98
92 17 103
92 18 95
92 19 97
92 20 101
92 21 100
92 22 102
92 23 103
92 24 114
92 25 103
92 26 94
92 27 106
92 29 103
92 30 92
92 31 91
92 33 96
92 34 103
92 35 93
92 36 100
92 37 99
92 38 97
92 39 92
92 40 105
92 41 98
92 42 108
92 43 95
92 44 105
92 45 98
92 47 95
92 48 100
92 49 97
92 50 97
92 51 104
92 52 101
92 53 97
92 54 92
92 57 102
92 58 104
92 60 96
92 61 96
92 62 100
92 63 98
92 64 93
92 65 102
92 66 94
92 67 105
92 68 97
92 69 93
92 70 105
92 71 99
92 72 100
92 73 96
92 74 109
92 75 90
92 77 100
92 78 104
92 79 102
92 80 100
92 81 104
92 82 94
92 83 91
92 84 92
92 85 96
92 86 91
92 87 102
92 88 98
92 89 101
92 90 92
92 91 103
92 93 99
92 94 101
92 95 105
92 96 94
92 97 98
92 98 108
92 99 101
93 0 98
93 1 100
93 2 91
93 3 97
93 5 100
93 6 98
93 7 99
93 8 93
93 10 97
93 11 108
93 12 92
93 14 90
93 15 103
93 17 104
93 19 103
93 20 100
93 21 97
93 23 100
93 25 95
93 28 105
93 30 103
93 31 98
93 32 102
93 33 102
93 34 101
93 37 96
93 40 105
93 41 104
93 43 99
93 44 97
93 45 92
93 46 109
93 47 95
93 48 102
93 49 96
93 52 99
93 53 106
93 55 99
93 57 103
93 60 92
93 61 108
93 62 106
93 63 91
93 65 102
93 68 96
93 70 106
93 72 98
93 73 96
93 74 100
93 75 99
93 76 96
93 77 104
93 78 104
93 79 98
93 81 105
93 82 105
93 83 102
93 87 100
93 89 106
93 90 99
93 92 99
93 96 100
93 97 100
93 99 102
94 0 92
94 2 92
94 6 93
94 7 99
94 10 103
94 11 105
94 12 105
94 17 103
94 18 92
94 19 98
94 21 100
94 22 99
94 25 108
94 27 108
94 29 100
94 30 109
94 32 103
94 41 96
94 42 93
94 43 96
94 58 109
94 59 96
94 60 89
94 62 96
94 63 105
94 65 96
94 70 104
94 76 103
94 85 102
94 88 101
94 96 91
94 98 97
94 99 104
95 0 105
95 1 90
95 2 100
95 3 100
95 4 98
95 5 105
95 6 99
95 7 94
95 8 104
95 9 100
95 10 107
95 11 93
95 12 92
95 13 104
95 14 98
95 15 107
95 16 98
95 17 97
95 18 104
95 19 98
95 20 102
95 21 107
95 22 101
95 23 99
95 24 100
95 25 101
95 26 105
95 27 95
95 28 91
95 30 102
95 31 101
95 32 100
95 33 96
95 34 97
95 35 100
95 36 101
95 37 95
95 38 102
95 39 112
95 40 91
95 41 101
95 42 105
95 43 103
95 44 93
95 45 96
95 46 99
95 47 94
95 49 88
95 50 102
95 51 99
95 52 97
95 53 90
95 54 104
95 55 93
95 56 103
95 57 101
95 58 101
95 59 102
95 60 103
95 61 94
95 62 104
95 63 95
95 64 95
95 65 103
95 66 98
95 67 98
95 68 100
95 69 97
95 70 107
95 71 100
95 72 100
95 73 94
95 74 105
95 75 99
95 76 98
95 77 97
95 78 100
95 79 91
95 80 102
95 81 106
95 82 96
95 83 103
95 84 95
95 85 101
95 86 96
95 87 102
95 88 93
95 89 102
95 90 97
95 91 101
95 92 95
95 93 104
95 94 94
95 97 95
95 98 103
95 99 94
96 1 111
96 2 103
96 3 106
96 5 101
96 6 102
96 7 108
96 8 95
96 9 96
96 12 100
96 13 101
96 15 99
96 16 103
96 17 98
96 18 103
96 20 107
96 21 102
96 24 98
96 25 98
96 26 98
96 28 103
96 29 98
96 30 94
96 31 102
96 32 103
96 33 84
96 34 103
96 35 104
96 36 94
96 38 97
96 39 98
96 40 100
96 41 113
96 42 103
96 43 95
96 45 96
96 46 99
96 47 97
96 48 102
96 49 97
96 50 100
96 51 104
96 52 104
96 53 104
96 54 91
96 55 104
96 58 96
96 61 98
96 63 96
96 64 103
96 65 98
96 66 101
96 67 107
96 68 99
96 69 102
96 70 95
96 71 93
96 72 101
96 73 97
96 75 104
96 76 109
96 77 95
96 78 102
96 79 97
96 80 102
96 81 98
96 83 104
96 85 93
96 86 103
96 87 88
96 88 95
96 89 101
96 90 101
96 91 101
96 93 96
96 95 92
96 97 102
96 98 103
97 0 96
97 1 103
97 2 104
97 4 91
97 5 96
97 6 101
97 8 102
97 9 98
97 13 101
97 14 101
97 15 102
97 17 103
97 19 102
97 20 99
97 21 98
97 22 97
97 24 99
97 26 107
97 28 94
97 29 97
97 30 99
97 31 94
97 34 99
97 35 104
97 36 101
97 37 96
97 39 109
97 40 104
97 41 107
97 42 103
97 43 105
97 44 100
97 46 98
97 48 101
97 49 99
97 50 97
97 51 103
97 52 99
97 53 92
97 56 99
97 57 104
97 58 102
97 59 95
97 60 97
97 61 97
97 62 103
97 63 105
97 64 93
97 65 96
97 66 108
97 67 100
97 68 104
97 69 88
97 70 99
97 71 89
97 72 94
97 73 103
97 74 105
97 75 108
97 77 106
97 78 96
97 80 101
97 81 113
97 82 93
97 83 104
97 84 103
97 85 95
97 86 100
97 89 103
97 90 107
97 91 99
97 92 92
97 94 106
97 95 113
97 96 103
97 98 102
98 1 107
98 5 111
98 6 95
98 9 94
98 10 107
98 11 96
98 14 92
98 16 88
98 17 89
98 18 104
98 20 105
98 21 100
98 22 105
98 25 99
98 27 102
98 28 94
98 30 96
98 32 106
98 33 101
98 35 100
98 38 93
98 40 96
98 43 98
98 44 98
98 48 105
98 49 102
98 50 100
98 51 107
98 53 94
98 56 89
98 61 93
98 62 91
98 63 107
98 67 99
98 68 101
98 69 102
98 71 102
98 77 106
98 80 98
98 81 98
98 82 89
98 84 98
98 86 99
98 87 101
98 89 108
98 97 98
98 99 95
99 1 102
99 5 89
99 6 102
99 13 96
99 18 107
99 19 105
99 20 96
99 21 92
99 25 95
99 27 92
99 28 102
99 33 103
99 35 99
99 36 107
99 38 97
99 42 98
99 44 106
99 46 96
99 48 114
99 50 101
99 56 97
99 69 99
99 73 103
99 74 101
99 76 101
99 77 96
99 79 101
99 80 100
99 81 99
99 84 107
99 88 107
99 90 100
99 91 94
99 96 87
99 98 106
